.	0	3	7	16	23	28	34
.	0	149647	171970	547387	652225	1628189	12276056
.	1	3	7	16	23	28	34
.	1	148999	171919	524632	639547	1539986	12276056
.	2	3	7	16	23	28	34
.	2	149328	172293	498582	615981	1454218	12276056
.	3	3	7	16	23	28	34	38
.	3	149328	169720	477360	532732	874790	1815709	12276056
.	4	3	7	16	23	28	34	38
.	4	157402	175624	468025	522016	854779	1767380	12276056
.	5	3	7	16	23	28	34	38
.	5	166133	212701	475664	544700	872803	1814806	12276056
.	6	3	7	16	23	28	34	38
.	6	175871	220980	512884	582597	925093	1880612	12276056
.	7	3	7	16	23	28	34	38
.	7	183690	222957	497075	561368	895842	1838489	12276056
.	8	3	7	16	23	28	34	38
.	8	196316	240425	534072	604367	952155	1909403	12276056
.	9	3	7	16	23	28	34	38
.	9	202922	238760	517847	580799	914078	1850585	12276056
.	10	3	7	16	23	28	34	38
.	10	209403	242141	505115	566901	889595	1798453	12276056
.	11	3	7	16	23	28	34	38
.	11	215552	249270	516216	579880	897852	1804950	12276056
.	12	3	7	16	23	28	34	38
.	12	221837	270910	583034	664649	1035556	2042251	12276056
.	13	3	7	16	23	28	34	38	41
.	13	228233	277562	593977	674244	1049666	2030628	4988681	12276056
.	14	3	7	16	23	28	34	38	41
.	14	233601	275224	567360	642622	999006	1956506	4949395	12276056
.	15	3	7	16	23	28	34	38	41
.	15	240328	288440	595029	676297	1043402	2012334	5029476	12276056
.	16	3	7	16	23	28	34	38	41
.	16	247087	292196	573875	651249	999766	1953001	4977294	12276056
.	17	3	7	16	23	28	34	38	41
.	17	253803	294096	562751	642013	985383	1929203	4914919	12276056
.	18	3	7	16	23	28	34	38	41
.	18	261156	304903	568650	650659	985362	1914542	4767006	12276056
.	19	3	7	16	23	28	34	38	41
.	19	268081	318412	587409	675400	1012823	1947469	4813275	12276056
.	20	3	7	16	23	28	34	38	41
.	20	275240	324055	587431	680144	1017986	1970721	4869066	12276056
.	21	3	7	16	23	28	34	38	41
.	21	282608	331864	583222	679850	1014450	1973706	4913022	12276056
.	22	3	7	16	23	28	34	38	41
.	22	290675	341992	581788	682463	1008362	1965726	4944059	12276056
.	23	3	7	16	23	28	34	38	41
.	23	300733	361321	604802	714755	1042534	2003292	4996543	12276056
.	24	3	7	16	23	28	34	38	41
.	24	309234	366830	594094	705226	1024713	1982563	4990674	12276056
.	25	3	7	16	23	28	34	38	41
.	25	318245	389218	624849	747779	1074743	2052326	5066526	12276056
.	26	3	7	16	23	28	34	38	41
.	26	331802	401754	624285	750720	1071342	2051938	5086122	12276056
.	27	3	7	16	23	28	34	38	41
.	27	341119	422927	646966	785404	1110117	2114968	5184420	12276056
.	28	3	7	16	23	28	34	38	41
.	28	351009	433329	644170	786470	1100819	2104607	5242122	12276056
.	29	3	7	16	23	28	34	38	41
.	29	361471	442507	635884	778889	1086851	2081254	5213980	12276056
.	30	3	7	16	23	28	34	38	41
.	30	371679	457586	642110	789005	1097344	2097365	5233732	12276056
.	31	3	7	16	23	28	34	38	41
.	31	381975	475592	655486	809390	1123350	2137759	5300426	12276056
.	32	3	7	16	23	28	34	38	41
.	32	392014	494222	678315	840350	1163584	2197067	5386336	12276056
.	33	3	7	16	23	28	34	38	41
.	33	404056	503686	678934	842849	1168131	2216622	5448275	12276056
.	34	3	7	16	23	28	34	38	41
.	34	414493	517850	682966	848986	1172938	2228325	5483300	12276056
.	35	3	7	16	23	28	34	38	41
.	35	423998	534833	701039	876238	1206907	2276096	5575419	12276056
.	36	3	7	16	23	28	34	38	41
.	36	432132	535562	695362	871837	1201040	2278594	5604201	12276056
.	37	3	7	16	23	28	34	38	41
.	37	441484	543548	702395	885632	1219288	2316404	5677164	12276056
.	38	3	7	16	23	28	34	38	41
.	38	451226	554046	713008	906333	1253793	2372399	5875133	12276056
.	39	3	7	16	23	28	34	38	41
.	39	459793	558349	714940	912420	1256179	2382478	5935141	12276056
.	40	3	7	16	23	28	34	38	41
.	40	469005	574365	736732	944907	1306154	2490248	6177787	12276056
.	41	3	7	16	23	28	34	38	41
.	41	478425	581562	746676	964257	1335320	2562896	6390527	12276056
.	42	3	7	16	23	28	34	38	41
.	42	487818	591759	758960	984204	1362142	2613999	6505376	12276056
.	43	3	7	16	23	28	34	38	41
.	43	496546	601088	771000	1006018	1393281	2677518	6616906	12276056
.	44	3	7	16	23	28	34	38	41
.	44	505797	607638	767478	1012993	1413007	2733102	6734022	12276056
.	45	3	7	16	23	28	34	38	41
.	45	514188	614129	772339	1021017	1424621	2761011	6842722	12276056
.	46	3	7	16	23	28	34	38	41
.	46	522791	626714	788651	1049024	1467715	2847158	7049686	12276056
.	47	3	7	16	23	28	34	38	41
.	47	531845	632891	795961	1065008	1490428	2897587	7174588	12276056
.	48	3	7	16	23	28	34	38	41
.	48	540265	642598	808095	1080507	1526610	2998376	7315700	12276056
.	49	3	7	16	23	28	34	38	41
.	49	548564	651472	818164	1099650	1554595	3059679	7419719	12276056
.	50	3	7	16	23	28	34	38	41
.	50	557069	660421	828811	1121599	1584287	3139009	7566924	12276056
.	51	3	7	16	23	28	34	38	41
.	51	565120	666787	834851	1130210	1603725	3193774	7710465	12276056
.	52	3	7	16	23	28	34	38	41
.	52	573367	676642	849803	1158857	1650098	3297132	7913466	12276056
.	53	3	7	16	23	28	34	38	41
.	53	581226	692529	872695	1196607	1703504	3411332	8127854	12276056
.	54	3	7	16	23	28	34	38	41
.	54	589058	693211	872933	1170197	1728101	3477834	8312331	12276056
.	55	3	7	16	23	28	34	38	41
.	55	596867	705951	888140	1194203	1781179	3600559	8471370	12276056
.	56	3	7	16	23	28	34	38	41
.	56	604648	710947	894195	1201925	1800433	3689920	8664520	12276056
.	57	3	7	16	23	28	34	38	41
.	57	612301	715979	896815	1202200	1800044	3719997	8860012	12276056
.	58	3	7	16	23	28	34	38	41
.	58	619993	722752	905683	1185439	1826546	3778411	9011667	12276056
.	59	3	7	16	23	28	34	38	41
.	59	627784	735929	922789	1213068	1884963	3926734	9188789	12276056
.	60	3	7	16	23	28	34	38	41
.	60	635235	731229	904430	1181487	1819406	3813913	9274867	12276056
.	61	3	7	16	23	28	34	38	41
.	61	642285	739832	918905	1201866	1848721	3857287	9429154	12276056
.	62	3	7	16	23	28	34	38	41
.	62	649048	744348	926577	1210414	1865421	3919252	9568298	12276056
.	63	3	7	16	23	28	34	38	41
.	63	656116	752437	939304	1233436	1913976	4032687	9739340	12276056
.	64	3	7	16	23	28	34	38	41
.	64	662850	762544	949435	1247250	1932428	4104491	9890145	12276056
.	65	3	7	16	23	28	34	38	41
.	65	669669	766506	958731	1257387	1952428	4194080	10059657	12276056
.	66	3	7	16	23	28	34	38	41
.	66	676611	775819	970223	1270473	1979118	4275557	10238015	12276056
.	67	3	7	16	23	28	34	38	41
.	67	683787	780776	973712	1269825	1986864	4334254	10439790	12276056
.	68	3	7	16	23	28	34	38	41
.	68	690093	788143	986921	1290485	2017620	4414845	10615025	12276056
.	69	3	7	16	23	28	34	38	41
.	69	696340	793457	992284	1294774	2026997	4490775	10791863	12276056
.	70	3	7	16	23	28	34	38	41
.	70	702739	799118	997323	1304314	2039092	4547506	10950241	12276056
.	71	3	7	16	23	28	34	38	41
.	71	708893	805673	1006276	1316204	2062065	4618677	11071747	12276056
.	72	3	7	16	23	28	34	38	41
.	72	715231	815432	1024705	1351095	2129099	4783316	11204691	12276056
.	73	3	7	16	23	28	34	38	41
.	73	721362	822101	1034219	1361087	2143347	4855578	11332426	12276056
.	74	3	7	16	23	28	34	38	41
.	74	727361	831109	1047696	1381695	2175514	4925090	11416794	12276056
.	75	3	7	16	23	28	34	38	41
.	75	733131	839186	1063356	1414346	2224592	5045166	11514728	12276056
.	76	3	7	16	23	28	34	38	41
.	76	738684	841993	1066109	1412538	2236167	5153605	11628737	12276056
.	77	3	7	16	23	28	34	38	41
.	77	744135	845915	1069109	1407221	2225952	5202729	11857768	12276056
.	78	3	7	16	23	28	34	38	41
.	78	749585	855645	1087157	1426839	2253204	5248977	11979099	12276056
.	79	3	7	16	23	28	34	38	41
.	79	754665	860417	1094034	1439367	2271391	5310320	12109258	12276056
.	80	3	7	16	23	28	34	38	41
.	80	759774	870111	1112404	1468476	2313904	5414609	12157329	12276056
.	81	3	7	16	23	28	34	38	41
.	81	764817	876576	1124144	1481770	2330906	5481364	12190552	12276056
.	82	3	7	16	23	28	34	38	41
.	82	769749	885444	1140677	1508256	2369851	5557631	12215409	12276056
.	83	3	7	16	23	28	34	38	41
.	83	774484	887630	1144092	1520966	2404033	5641726	12234212	12276056
.	84	3	7	16	23	28	34	38	41
.	84	778923	890277	1147991	1515183	2388966	5676326	12247821	12276056
.	85	3	7	16	23	28	34	38	41
.	85	783361	871958	1095858	1424628	2231992	5415305	12256865	12276056
.	86	3	7	16	23	28	34	38	41
.	86	787510	878955	1101851	1415969	2188612	5283890	12263217	12276056
.	87	3	7	16	23	28	34	38	41
.	87	791901	882541	1108962	1416489	2187425	5221695	12267708	12276056
.	88	3	7	16	23	28	34	38	41
.	88	796294	890252	1118031	1426740	2187850	5197317	12270711	12276056
.	89	3	7	16	23	28	34	38	41
.	89	800998	898258	1140197	1460950	2241173	5268165	12272571	12276056
.	90	3	7	16	23	28	34	38	41
.	90	805545	896216	1135919	1445273	2231231	5298855	12273936	12276056
.	91	3	7	16	23	28	34	38	41
.	91	810168	906876	1149806	1462223	2248221	5315731	12274681	12276056
.	92	3	7	16	23	28	34	38	41
.	92	814832	905538	1147799	1455533	2240181	5322015	12275214	12276056
.	93	3	7	16	23	28	34	38	41
.	93	819424	909233	1150084	1454623	2230034	5330368	12275569	12276056
.	94	3	7	16	23	28	34	38	41
.	94	824095	915135	1161088	1465291	2253993	5382606	12275757	12276056
.	95	3	7	16	23	28	34	38	41
.	95	828963	915325	1161035	1458841	2236177	5357028	12275874	12276056
.	96	3	7	16	23	28	34	38	41
.	96	833900	922202	1168723	1468120	2245803	5370537	12275941	12276056
.	97	3	7	16	23	28	34	38	41
.	97	838527	924792	1170824	1473066	2250426	5411791	12275977	12276056
.	98	3	7	16	23	28	34	38	41
.	98	843406	931716	1179754	1481773	2258314	5418075	12276016	12276056
.	99	3	7	16	23	28	34	38	41
.	99	848328	933271	1180633	1477236	2248066	5371297	12276030	12276056
.	100	3	7	16	23	28	34	38	41
.	100	853841	939441	1189413	1491133	2267381	5412809	12276041	12276056
.	101	3	7	16	23	28	34	38	41
.	101	859194	947046	1280370	1726803	2962515	8360542	12276055	12276056
.	102	3	7	16	23	28	34	38	41
.	102	862179	950093	1235216	1596566	2552947	7079912	12276053	12276056
.	103	3	7	16	23	28	34	38	41
.	103	865661	949066	1217160	1543758	2385227	6032694	12276055	12276056
.	104	3	7	16	23	28	34	38	41
.	104	870042	949221	1204541	1512610	2289415	5600436	12276055	12276056
.	105	3	7	16	23	28	34	38	41
.	105	874130	952237	1201426	1500620	2256456	5458688	12276055	12276056
.	106	3	7	16	23	28	34	38	41
.	106	878665	952955	1198172	1485986	2226159	5376061	12276055	12276056
.	107	3	7	16	23	28	34	38
.	107	883901	959443	1206574	1490093	2226009	5275853	12276056
.	108	3	7	16	23	28	34	38
.	108	889119	967490	1216946	1502588	2236143	5278465	12276056
.	109	3	7	16	23	28	34	38
.	109	893980	970087	1220886	1508494	2243630	5300359	12276056
.	110	3	7	16	23	28	34	38
.	110	899412	973472	1217947	1504518	2240561	5294928	12276056
.	111	3	7	16	23	28	34	38
.	111	905133	980887	1229112	1523428	2262700	5336275	12276056
.	112	3	7	16	23	28	34	38
.	112	911025	993148	1249326	1548852	2293215	5375128	12276056
.	113	3	7	16	23	28	34	38
.	113	916966	995845	1255819	1551595	2307391	5432973	12276056
.	114	3	7	16	23	28	34	38
.	114	922238	998509	1254008	1547545	2295111	5387438	12276056
.	115	3	7	16	23	28	34	38
.	115	928188	1003309	1257367	1544003	2288098	5397149	12276056
.	116	3	7	16	23	28	34	38
.	116	934429	1007476	1260430	1547411	2293152	5390064	12276056
.	117	3	7	16	23	28	34	38
.	117	941268	1018966	1279334	1569617	2322047	5403626	12276056
.	118	3	7	16	23	28	34	38
.	118	948683	1035029	1325265	1630705	2384000	5461165	12276056
.	119	3	7	16	23	28	34	38
.	119	955337	1032242	1296459	1609765	2370119	5481387	12276056
.	120	3	7	16	23	28	34	38
.	120	962255	1046004	1318369	1624044	2381584	5494752	12276056
.	121	3	7	16	23	28	34	38
.	121	969594	1052111	1319652	1632307	2394467	5524688	12276056
.	122	3	7	16	23	28	34	38
.	122	976578	1056437	1319101	1622403	2379165	5528627	12276056
.	123	3	7	16	23	28	34	38
.	123	984344	1059838	1320753	1615570	2368774	5536178	12276056
.	124	3	7	16	23	28	34	38
.	124	992642	1075437	1349978	1637745	2412635	5585890	12276056
.	125	3	7	16	23	28	34	38
.	125	1000240	1078292	1340452	1631876	2383935	5564164	12276056
.	126	3	7	16	23	28	34	38
.	126	1008753	1086496	1351307	1642980	2405815	5568438	12276056
.	127	3	7	16	23	28	34	38
.	127	1017442	1091477	1352212	1653091	2412566	5611527	12276056
.	128	3	7	16	23	28	34	38
.	128	1026724	1102126	1359410	1654796	2417546	5618379	12276056
.	129	3	7	16	23	28	34	38
.	129	1036621	1110188	1368431	1665071	2433630	5630030	12276056
.	130	3	7	16	23	28	34	38
.	130	1047073	1119998	1381673	1680148	2449900	5711890	12276056
.	131	3	7	16	23	28	34	38
.	131	1058166	1131055	1387782	1681918	2452971	5691213	12276056
.	132	3	7	16	23	28	34	38
.	132	1069362	1140315	1399468	1684581	2452150	5675857	12276056
.	133	3	7	16	23	28	34	38
.	133	1081205	1149345	1400551	1683636	2448847	5678780	12276056
.	134	3	7	16	23	28	34	38
.	134	1093980	1161145	1410339	1688368	2450628	5726804	12276056
.	135	3	7	16	23	28	34	38
.	135	1108526	1173100	1419928	1697607	2461449	5746823	12276056
.	136	3	7	16	23	28	34	38
.	136	1124164	1189428	1434935	1712842	2477518	5792590	12276056
.	137	3	7	16	23	28	34	38
.	137	1141812	1204942	1448042	1723825	2489993	5801069	12276056
.	138	3	7	16	23	28	34	38
.	138	1160849	1222076	1463622	1736928	2511975	5835279	12276056
.	139	3	7	16	23	28	34	38
.	139	1182526	1244733	1485771	1762656	2532161	5850228	12276056
.	140	3	7	16	23	28	34	38
.	140	1205151	1260512	1490658	1770620	2524491	5843087	12276056
.	141	3	7	16	23	28	34	38
.	141	1231803	1288836	1517924	1798613	2553860	5867766	12276056
.	142	3	7	16	23	28	34	38
.	142	1260851	1311042	1534719	1815705	2565053	5888270	12276056
.	143	3	7	16	23	28	34	38
.	143	1294706	1344472	1567139	1861191	2617885	5963467	12276056
.	144	3	7	16	23	28	34	38
.	144	1330517	1371226	1586706	1870824	2614138	5969944	12276056
.	145	3	7	16	23	28	34	38
.	145	1371333	1407111	1618474	1896771	2636987	6010431	12276056
.	146	3	7	16	23	28	34	38
.	146	1414079	1434886	1629497	1899449	2632856	6017920	12276056
.	147	3	7	16	23	28	34	38
.	147	1468452	1477950	1672560	1940219	2685415	6083544	12276056
.	148	3	7	16	23	28	34	38
.	148	1515606	1515695	1703374	1974188	2707457	6123581	12276056
.	149	3	16	23	28	34	38
.	149	1572620	1977045	2429065	3641369	8323026	12276056
A	0	3	7	16	23	28	34
A	0	26752	31262	90871	104982	224253	1726864
A	1	3	7	16	23	28	34
A	1	46133	52149	132160	155172	324741	2650819
A	2	3	7	16	23	28	34
A	2	36138	42282	119336	147487	343938	3019552
A	3	3	7	16	23	28	34	38
A	3	40063	46098	134069	151081	253472	539660	3761846
A	4	3	7	16	23	28	34	38
A	4	39640	44952	122287	137131	227337	478856	3409218
A	5	3	7	16	23	28	34	38
A	5	51163	63066	140671	159774	254373	533428	4057223
A	6	3	7	16	23	28	34	38
A	6	43330	51707	117149	132158	199952	374540	2341731
A	7	3	7	16	23	28	34	38
A	7	53841	62365	128893	143233	219793	427555	2746713
A	8	3	7	16	23	28	34	38
A	8	43320	52229	118517	134104	208651	407623	2634537
A	9	3	7	16	23	28	34	38
A	9	68164	77625	167251	185905	290018	580799	3907702
A	10	3	7	16	23	28	34	38
A	10	47911	54887	121020	135027	213023	433021	3074811
A	11	3	7	16	23	28	34	38
A	11	45000	51963	113330	126992	197159	394253	2721058
A	12	3	7	16	23	28	34	38
A	12	50840	60737	139708	160034	252758	500536	3186046
A	13	3	7	16	23	28	34	38	41
A	13	52504	62149	141383	160595	254175	494224	1226989	3135169
A	14	3	7	16	23	28	34	38	41
A	14	52952	63154	137269	155630	244115	477062	1202633	3071725
A	15	3	7	16	23	28	34	38	41
A	15	53610	63642	139243	158497	246943	476798	1182973	2997394
A	16	3	7	16	23	28	34	38	41
A	16	58725	68217	141482	160360	249860	492217	1267180	3221165
A	17	3	7	16	23	28	34	38	41
A	17	59490	69011	139817	159707	248563	489996	1256023	3236561
A	18	3	7	16	23	28	34	38	41
A	18	63164	72550	141311	160925	246945	483415	1208179	3211356
A	19	3	7	16	23	28	34	38	41
A	19	76457	90986	163704	185668	272647	507839	1221620	3163770
A	20	3	7	16	23	28	34	38	41
A	20	68145	79527	150328	173490	264265	516446	1291437	3369228
A	21	3	7	16	23	28	34	38	41
A	21	65152	76980	142533	165973	249622	483480	1201947	3078279
A	22	3	7	16	23	28	34	38	41
A	22	67641	79583	139817	163478	242571	474011	1198449	3115580
A	23	3	7	16	23	28	34	38	41
A	23	79277	93812	158048	185063	269907	513053	1267071	3230700
A	24	3	7	16	23	28	34	38	41
A	24	96994	111050	172582	200516	286430	537148	1322161	3328844
A	25	3	7	16	23	28	34	38	41
A	25	97754	114621	173517	203250	285219	529647	1267798	3098370
A	26	3	7	16	23	28	34	38	41
A	26	86687	104590	161725	192957	275551	524385	1290930	3196146
A	27	3	7	16	23	28	34	38	41
A	27	105598	126548	184005	218806	302397	558312	1345515	3231230
A	28	3	7	16	23	28	34	38	41
A	28	87564	108880	163962	200430	283784	546956	1378476	3343547
A	29	3	7	16	23	28	34	38	41
A	29	88859	109948	158399	194645	272235	523145	1332012	3138710
A	30	3	7	16	23	28	34	38	41
A	30	90194	112681	160226	196820	277230	535795	1360212	3330848
A	31	3	7	16	23	28	34	38	41
A	31	94679	119212	164741	203103	284791	546609	1363685	3267865
A	32	3	7	16	23	28	34	38	41
A	32	116991	143796	190889	229621	310120	563665	1343496	3095816
A	33	3	7	16	23	28	34	38	41
A	33	96340	121593	162864	201238	278775	528107	1301653	3006112
A	34	3	7	16	23	28	34	38	41
A	34	127318	155133	197133	239247	324412	596194	1449127	3307783
A	35	3	7	16	23	28	34	38	41
A	35	104651	133127	172910	214341	297730	563552	1375346	3096900
A	36	3	7	16	23	28	34	38	41
A	36	100862	128639	167997	211201	294239	559338	1379423	3076876
A	37	3	7	16	23	28	34	38	41
A	37	101616	127968	164890	206950	285821	545374	1335033	2978428
A	38	3	7	16	23	28	34	38	41
A	38	110295	136844	175349	220990	308764	587338	1526437	3166958
A	39	3	7	16	23	28	34	38	41
A	39	110324	137279	175828	222202	308701	594982	1477529	3197461
A	40	3	7	16	23	28	34	38	41
A	40	106964	134117	172261	220140	308324	591242	1502405	3012616
A	41	3	7	16	23	28	34	38	41
A	41	110649	137488	175784	225043	312810	595067	1467820	3026555
A	42	3	7	16	23	28	34	38	41
A	42	113745	142516	184081	236606	329454	632683	1598560	3140742
A	43	3	7	16	23	28	34	38	41
A	43	116685	144206	184762	238949	333940	643695	1638599	3127584
A	44	3	7	16	23	28	34	38	41
A	44	123773	150369	189413	248774	354406	699282	1757048	3185199
A	45	3	7	16	23	28	34	38	41
A	45	125053	151839	191921	251034	354155	695230	1736455	3220046
A	46	3	7	16	23	28	34	38	41
A	46	124886	153774	195260	259248	365834	717709	1789046	3301404
A	47	3	7	16	23	28	34	38	41
A	47	125551	152404	191968	254229	359707	703313	1736184	3118421
A	48	3	7	16	23	28	34	38	41
A	48	131485	159373	201931	268681	381204	759788	1886201	3284400
A	49	3	7	16	23	28	34	38	41
A	49	134367	161913	203526	269496	381762	763675	1878664	3261065
A	50	3	7	16	23	28	34	38	41
A	50	132241	158986	198712	264372	378028	751223	1843800	3137907
A	51	3	7	16	23	28	34	38	41
A	51	154318	181046	221163	287006	401427	779513	1929742	3114785
A	52	3	7	16	23	28	34	38	41
A	52	136302	163246	204599	275065	394038	782295	1938242	3089713
A	53	3	7	16	23	28	34	38	41
A	53	141920	170552	213001	285036	409118	826794	2027964	3116721
A	54	3	7	16	23	28	34	38	41
A	54	168828	196632	241362	310577	449311	895784	2114723	3238300
A	55	3	7	16	23	28	34	38	41
A	55	142475	169102	210504	273013	407341	826187	1988470	3053095
A	56	3	7	16	23	28	34	38	41
A	56	144164	172046	216172	284005	427469	882039	2127567	3224692
A	57	3	7	16	23	28	34	38	41
A	57	165605	192159	233868	299710	441587	896787	2099227	3071307
A	58	3	7	16	23	28	34	38	41
A	58	173629	199112	240813	300746	449853	904134	2117119	2988485
A	59	3	7	16	23	28	34	38	41
A	59	174529	201619	244900	306464	464935	950180	2206431	3031425
A	60	3	7	16	23	28	34	38	41
A	60	174351	198169	236786	292803	436586	890691	2127116	2934790
A	61	3	7	16	23	28	34	38	41
A	61	181253	206380	248116	309167	464491	960223	2362745	3159533
A	62	3	7	16	23	28	34	38	41
A	62	184187	208800	251956	316062	471758	965715	2367751	3177523
A	63	3	7	16	23	28	34	38	41
A	63	194578	220591	269132	342665	516434	1056135	2502435	3312570
A	64	3	7	16	23	28	34	38	41
A	64	188567	212957	254949	316785	477006	1006626	2475109	3164311
A	65	3	7	16	23	28	34	38	41
A	65	187198	211066	254865	318802	484908	1029828	2505622	3111351
A	66	3	7	16	23	28	34	38	41
A	66	187024	211252	255068	318428	484305	1030158	2525633	3087428
A	67	3	7	16	23	28	34	38	41
A	67	189541	214467	259128	322458	491192	1056059	2581213	3119514
A	68	3	7	16	23	28	34	38	41
A	68	188677	213867	261301	327887	503808	1079596	2622975	3112751
A	69	3	7	16	23	28	34	38	41
A	69	187448	212613	259405	328926	508705	1118452	2724148	3179178
A	70	3	7	16	23	28	34	38	41
A	70	185471	210814	258931	326476	506197	1128674	2768068	3261224
A	71	3	7	16	23	28	34	38	41
A	71	186897	212572	262440	333378	517984	1168218	2855669	3281983
A	72	3	7	16	23	28	34	38	41
A	72	178350	202042	248601	311937	481167	1091467	2658389	2911437
A	73	3	7	16	23	28	34	38	41
A	73	183154	208497	257923	326386	510336	1168477	2841441	3128396
A	74	3	7	16	23	28	34	38	41
A	74	187618	213570	265384	337962	531617	1247980	3009170	3249039
A	75	3	7	16	23	28	34	38	41
A	75	186106	212762	265363	340337	530983	1217639	2896122	3128280
A	76	3	7	16	23	28	34	38	41
A	76	185342	211263	264328	343165	537060	1227001	2856613	3008384
A	77	3	7	16	23	28	34	38	41
A	77	193485	219223	272911	347985	542444	1285038	3036690	3187444
A	78	3	7	16	23	28	34	38	41
A	78	193835	221201	278090	355114	559784	1333005	3201481	3310395
A	79	3	7	16	23	28	34	38	41
A	79	185847	212158	265819	338327	530872	1271171	2959666	3015128
A	80	3	7	16	23	28	34	38	41
A	80	186666	214616	271878	350957	550026	1320751	3000216	3037443
A	81	3	7	16	23	28	34	38	41
A	81	196512	225950	286011	367319	577921	1383514	3203970	3230413
A	82	3	7	16	23	28	34	38	41
A	82	195930	226200	288400	374115	587373	1425952	3211836	3230674
A	83	3	7	16	23	28	34	38	41
A	83	197007	225159	284611	364634	573783	1392484	3152342	3165497
A	84	3	7	16	23	28	34	38	41
A	84	199198	227094	288783	369757	584466	1428125	3246524	3255565
A	85	3	7	16	23	28	34	38	41
A	85	197121	219606	272801	340096	537772	1338524	3209457	3215835
A	86	3	7	16	23	28	34	38	41
A	86	211982	237479	295781	374927	581997	1446964	3431321	3435510
A	87	3	7	16	23	28	34	38	41
A	87	197292	220658	275387	346108	535878	1291071	3107232	3110048
A	88	3	7	16	23	28	34	38	41
A	88	202248	227404	283075	355326	548064	1312249	3147758	3149508
A	89	3	7	16	23	28	34	38	41
A	89	201616	226092	285401	354647	543753	1313411	3164709	3165919
A	90	3	7	16	23	28	34	38	41
A	90	206180	229826	289106	360453	556680	1347342	3225270	3226006
A	91	3	7	16	23	28	34	38	41
A	91	204788	229961	289184	356959	546145	1315778	3107860	3108365
A	92	3	7	16	23	28	34	38	41
A	92	208290	231736	289822	358993	550679	1317363	3155716	3156043
A	93	3	7	16	23	28	34	38	41
A	93	213953	237982	298859	376011	575223	1379797	3198875	3199074
A	94	3	7	16	23	28	34	38	41
A	94	210582	233894	293015	359629	552750	1341135	3161388	3161509
A	95	3	7	16	23	28	34	38	41
A	95	208610	230410	288873	355181	541831	1310329	3069421	3069491
A	96	3	7	16	23	28	34	38	41
A	96	203623	225589	283569	347935	531799	1296032	3004444	3004491
A	97	3	7	16	23	28	34	38	41
A	97	220480	243622	306481	381620	580124	1422811	3294538	3294565
A	98	3	7	16	23	28	34	38	41
A	98	209951	231630	288149	350803	528812	1275378	2992524	2992540
A	99	3	7	16	23	28	34	38	41
A	99	218777	241024	301767	367248	559786	1354532	3164634	3164644
A	100	3	7	16	23	28	34	38	41
A	100	209847	231265	289882	352129	534108	1312549	3074785	3074792
A	101	3	7	16	23	28	34	38
A	101	215365	236431	313932	401721	675526	1989041	3094855
A	102	3	7	16	23	28	34	38
A	102	222308	244284	312789	386401	618354	1753340	3135965
A	103	3	7	16	23	28	34	38	41
A	103	225987	248092	316339	398285	611429	1544608	3117414	3117415
A	104	3	7	16	23	28	34	38
A	104	219836	239296	299670	363766	547772	1364640	3053493
A	105	3	7	16	23	28	34	38	41
A	105	223928	243846	304097	370630	554064	1350844	3109110	3109111
A	106	3	7	16	23	28	34	38	41
A	106	215432	233684	289888	349042	521019	1269371	3011903	3011904
A	107	3	7	16	23	28	34	38
A	107	228198	247128	307167	370745	557831	1355838	3289072
A	108	3	7	16	23	28	34	38
A	108	231699	250567	309106	367944	547082	1317298	3170787
A	109	3	7	16	23	28	34	38
A	109	224966	243021	299672	358650	533050	1291671	3130410
A	110	3	7	16	23	28	34	38
A	110	224935	242840	299784	355588	528002	1277843	3088729
A	111	3	7	16	23	28	34	38
A	111	235454	255466	317941	379965	564260	1378913	3254694
A	112	3	7	16	23	28	34	38
A	112	229280	251730	314935	380206	555551	1324321	3120924
A	113	3	7	16	23	28	34	38
A	113	243745	264718	330992	398580	591074	1418553	3252534
A	114	3	7	16	23	28	34	38
A	114	239113	258322	318968	380589	564378	1345314	3195419
A	115	3	7	16	23	28	34	38
A	115	233678	252852	314094	376813	557239	1345726	3200234
A	116	3	7	16	23	28	34	38
A	116	231006	248378	306572	365040	541120	1297619	3083613
A	117	3	7	16	23	28	34	38
A	117	229725	248529	307788	367053	542664	1288340	3054842
A	118	3	7	16	23	28	34	38
A	118	234322	253213	312833	372047	550259	1309424	3054581
A	119	3	7	16	23	28	34	38
A	119	232672	251063	310623	370469	547234	1305069	3075926
A	120	3	7	16	23	28	34	38
A	120	245725	265595	329120	398374	586652	1389440	3227177
A	121	3	7	16	23	28	34	38
A	121	240715	260425	321539	383573	563169	1344969	3127701
A	122	3	7	16	23	28	34	38
A	122	256529	277715	343252	417895	606868	1430542	3252574
A	123	3	7	16	23	28	34	38
A	123	245945	264922	327320	389321	572434	1361315	3177603
A	124	3	7	16	23	28	34	38
A	124	249091	271984	336986	400986	581878	1347563	3054242
A	125	3	7	16	23	28	34	38
A	125	254950	275707	340250	407899	590800	1357313	3058637
A	126	3	7	16	23	28	34	38
A	126	255745	276120	339529	405285	590445	1387156	3168781
A	127	3	7	16	23	28	34	38
A	127	255210	273481	335046	400868	582383	1366503	3106643
A	128	3	7	16	23	28	34	38
A	128	272655	293030	359902	435731	637085	1500875	3337003
A	129	3	7	16	23	28	34	38
A	129	261231	279091	340068	401940	588506	1398548	3222292
A	130	3	7	16	23	28	34	38
A	130	264384	282394	343953	406046	595900	1419961	3185542
A	131	3	7	16	23	28	34	38
A	131	280858	300226	366099	437454	643336	1513414	3333021
A	132	3	7	16	23	28	34	38
A	132	269722	286710	346966	407508	593585	1397419	3195885
A	133	3	7	16	23	28	34	38
A	133	265364	281978	340290	403473	584239	1382498	3050905
A	134	3	7	16	23	28	34	38
A	134	269505	286414	346346	406176	590918	1418767	3139881
A	135	3	7	16	23	28	34	38
A	135	277300	293108	353016	410626	597161	1441304	3208415
A	136	3	7	16	23	28	34	38
A	136	273852	290056	347867	406359	589265	1408152	3115677
A	137	3	7	16	23	28	34	38
A	137	297875	314792	376193	436464	634694	1499274	3308322
A	138	3	7	16	23	28	34	38
A	138	294503	310236	369225	430476	622756	1462754	3193163
A	139	3	7	16	23	28	34	38
A	139	302642	319194	379559	445563	636031	1475122	3190291
A	140	3	7	16	23	28	34	38
A	140	305395	319160	374963	437685	620439	1463911	3167946
A	141	3	7	16	23	28	34	38
A	141	308224	322847	377665	441353	620277	1453953	3103147
A	142	3	7	16	23	28	34	38
A	142	316415	328783	382368	443395	623150	1488634	3208213
A	143	3	7	16	23	28	34	38
A	143	330212	343922	401289	473748	667610	1556017	3290522
A	144	3	7	16	23	28	34	38
A	144	329920	340285	392443	450780	630519	1504293	3250221
A	145	3	7	16	23	28	34	38
A	145	340645	350109	402138	463601	643980	1493402	3129319
A	146	3	7	16	23	28	34	38
A	146	347020	352485	400478	459619	636570	1515146	3231551
A	147	3	7	16	23	28	34	38
A	147	363620	366070	413518	471925	654969	1563856	3302681
A	148	3	7	16	23	28	34	38
A	148	383009	383030	431936	503161	693388	1605642	3307091
A	149	3	16	23	28	34	38
A	149	415164	517045	625850	947711	2252073	3318121
T	0	3	7	16	23	28	34
T	0	19699	23838	79702	97255	231902	1620257
T	1	3	7	16	23	28	34
T	1	46481	52656	176646	213197	573587	4667928
T	2	3	7	16	23	28	34
T	2	38869	44186	133498	162236	378931	2899220
T	3	3	7	16	23	28	34	38
T	3	27333	31395	99599	109404	184793	396446	2480653
T	4	3	7	16	23	28	34	38
T	4	34107	37961	110305	120846	203613	438125	3020585
T	5	3	7	16	23	28	34	38
T	5	30843	38370	105986	118146	199056	434574	2769682
T	6	3	7	16	23	28	34	38
T	6	47139	55514	154087	170723	290333	648214	4337224
T	7	3	7	16	23	28	34	38
T	7	38155	44962	123154	136079	228242	495465	3206444
T	8	3	7	16	23	28	34	38
T	8	43771	50219	135185	149110	252089	552305	3602881
T	9	3	7	16	23	28	34	38
T	9	37751	43130	113275	124832	207688	443860	2878752
T	10	3	7	16	23	28	34	38
T	10	36375	41102	103032	113202	187084	397872	2630901
T	11	3	7	16	23	28	34	38
T	11	42394	47673	118902	130208	215189	463789	3113105
T	12	3	7	16	23	28	34	38
T	12	46448	54698	143066	160002	267272	580928	3411296
T	13	3	7	16	23	28	34	38	41
T	13	54798	63822	153345	170160	274131	560004	1424432	3220213
T	14	3	7	16	23	28	34	38	41
T	14	49356	56042	136870	151844	248962	523599	1421304	3216201
T	15	3	7	16	23	28	34	38	41
T	15	48012	55526	137117	152533	249946	519537	1394443	3154195
T	16	3	7	16	23	28	34	38	41
T	16	58949	68585	151167	167505	263837	533851	1407645	3163141
T	17	3	7	16	23	28	34	38	41
T	17	51442	58808	133731	150125	241716	504051	1367066	3144585
T	18	3	7	16	23	28	34	38	41
T	18	65248	74375	150056	167664	258277	518745	1324565	3170342
T	19	3	7	16	23	28	34	38	41
T	19	57498	66561	138598	157474	246025	502822	1297297	3097966
T	20	3	7	16	23	28	34	38	41
T	20	55699	65055	134500	154157	241132	500596	1277159	3003475
T	21	3	7	16	23	28	34	38	41
T	21	59532	69440	140480	162126	252847	522927	1351371	3194605
T	22	3	7	16	23	28	34	38	41
T	22	60456	70340	138467	160784	249333	516699	1366151	3158042
T	23	3	7	16	23	28	34	38	41
T	23	60471	72102	136824	161202	244360	502022	1313151	3003604
T	24	3	7	16	23	28	34	38	41
T	24	61540	74059	137956	163588	247480	507687	1334681	3063030
T	25	3	7	16	23	28	34	38	41
T	25	66406	81514	146459	176089	262825	534926	1387169	3206276
T	26	3	7	16	23	28	34	38	41
T	26	66623	81875	144961	175287	260063	530971	1366172	3097850
T	27	3	7	16	23	28	34	38	41
T	27	68278	85742	147864	180618	266214	544205	1386183	3109286
T	28	3	7	16	23	28	34	38	41
T	28	71318	89304	148209	183900	265036	539952	1403078	3088618
T	29	3	7	16	23	28	34	38	41
T	29	77931	97495	155180	191789	275688	553997	1407070	3229861
T	30	3	7	16	23	28	34	38	41
T	30	74301	94810	145997	182501	262191	533482	1360085	3031699
T	31	3	7	16	23	28	34	38	41
T	31	86939	110358	161554	200785	280303	550985	1355594	2985105
T	32	3	7	16	23	28	34	38	41
T	32	80526	106223	157834	198319	281546	556499	1404566	3116444
T	33	3	7	16	23	28	34	38	41
T	33	85079	110123	161877	204201	292619	589588	1493809	3260102
T	34	3	7	16	23	28	34	38	41
T	34	82319	107380	152625	193544	274634	553365	1400427	3025560
T	35	3	7	16	23	28	34	38	41
T	35	113752	142115	192285	240190	331328	638634	1586045	3395081
T	36	3	7	16	23	28	34	38	41
T	36	96113	121839	166735	212071	297872	588734	1467764	3207733
T	37	3	7	16	23	28	34	38	41
T	37	120723	148777	198073	249247	343340	662154	1630315	3450394
T	38	3	7	16	23	28	34	38	41
T	38	100861	127917	174572	229259	327217	641887	1572318	3254771
T	39	3	7	16	23	28	34	38	41
T	39	96534	122495	168580	222045	316152	622307	1569997	3212747
T	40	3	7	16	23	28	34	38	41
T	40	101988	129378	175973	231923	328819	647307	1646636	3270495
T	41	3	7	16	23	28	34	38	41
T	41	111434	139174	189278	248144	349568	691594	1724545	3306541
T	42	3	7	16	23	28	34	38	41
T	42	107788	135159	184893	249051	355184	700863	1763328	3347390
T	43	3	7	16	23	28	34	38	41
T	43	112102	140731	192008	258606	368506	729419	1824422	3413442
T	44	3	7	16	23	28	34	38	41
T	44	117234	144886	194041	260456	364802	718156	1755029	3268019
T	45	3	7	16	23	28	34	38	41
T	45	113781	139672	185926	252174	357379	707485	1750956	3102102
T	46	3	7	16	23	28	34	38	41
T	46	115881	143167	190367	261325	376510	749081	1879201	3213064
T	47	3	7	16	23	28	34	38	41
T	47	114249	140765	189046	264063	376140	743418	1833951	3133007
T	48	3	7	16	23	28	34	38	41
T	48	117268	145425	195217	270014	393671	795309	1900695	3279459
T	49	3	7	16	23	28	34	38	41
T	49	117728	145050	193529	270318	394712	780815	1898162	3138131
T	50	3	7	16	23	28	34	38	41
T	50	129715	158858	211472	296254	422030	840979	1958629	3224486
T	51	3	7	16	23	28	34	38	41
T	51	125215	152722	202180	282164	408136	814809	1916506	3165074
T	52	3	7	16	23	28	34	38	41
T	52	159396	188418	243162	333625	474661	950988	2209103	3390964
T	53	3	7	16	23	28	34	38	41
T	53	134178	165575	220552	316359	457570	920237	2090750	3208224
T	54	3	7	16	23	28	34	38	41
T	54	128599	156551	209235	288752	442738	882951	2010406	3050338
T	55	3	7	16	23	28	34	38	41
T	55	163421	193912	251004	340129	517907	1015269	2236557	3243815
T	56	3	7	16	23	28	34	38	41
T	56	171868	202917	261025	350226	534824	1063855	2383045	3333972
T	57	3	7	16	23	28	34	38	41
T	57	139730	167466	219681	297150	459052	928597	2159730	3078925
T	58	3	7	16	23	28	34	38	41
T	58	138849	168467	226262	306410	485912	996194	2328192	3335016
T	59	3	7	16	23	28	34	38	41
T	59	134791	164895	221238	302674	491495	1004565	2250242	3063299
T	60	3	7	16	23	28	34	38	41
T	60	135981	161445	211760	283877	449682	944330	2285328	3118458
T	61	3	7	16	23	28	34	38	41
T	61	134535	159934	211441	285931	458642	942313	2183315	2936430
T	62	3	7	16	23	28	34	38	41
T	62	140842	166479	221768	296817	481056	1022633	2446987	3137500
T	63	3	7	16	23	28	34	38	41
T	63	140177	165804	219443	294819	482393	1028981	2407477	3077012
T	64	3	7	16	23	28	34	38	41
T	64	147589	176323	235722	323296	524992	1106598	2520517	3169560
T	65	3	7	16	23	28	34	38	41
T	65	143018	168719	224946	302202	489677	1039661	2419548	3021649
T	66	3	7	16	23	28	34	38	41
T	66	149406	176568	236085	317032	520096	1111577	2567640	3175941
T	67	3	7	16	23	28	34	38	41
T	67	144506	170014	226371	301451	498631	1099646	2609389	3087694
T	68	3	7	16	23	28	34	38	41
T	68	146118	172387	231261	310520	512463	1122799	2624812	3058469
T	69	3	7	16	23	28	34	38	41
T	69	150666	176593	237519	315061	518248	1134443	2631156	3045786
T	70	3	7	16	23	28	34	38	41
T	70	152783	177485	235444	309456	508889	1143772	2665964	2989139
T	71	3	7	16	23	28	34	38	41
T	71	155153	180990	240094	314900	521347	1170408	2694980	3030451
T	72	3	7	16	23	28	34	38	41
T	72	161828	189975	254657	341135	569257	1286655	2908511	3277631
T	73	3	7	16	23	28	34	38	41
T	73	162276	189594	254740	338072	561247	1284664	2904002	3191187
T	74	3	7	16	23	28	34	38	41
T	74	159339	186709	249980	332575	547771	1234222	2790846	3020115
T	75	3	7	16	23	28	34	38	41
T	75	165869	194470	262858	355586	589557	1352667	3003615	3201339
T	76	3	7	16	23	28	34	38	41
T	76	169160	196935	263973	346381	580531	1336232	2929875	3194451
T	77	3	7	16	23	28	34	38	41
T	77	165177	192935	260669	341625	577950	1360755	2986877	3096903
T	78	3	7	16	23	28	34	38	41
T	78	163510	191680	259800	338506	563883	1309000	2904872	2998104
T	79	3	7	16	23	28	34	38	41
T	79	170684	199825	271990	359127	606182	1430776	3211397	3266338
T	80	3	7	16	23	28	34	38	41
T	80	171755	200332	271994	355365	600659	1427638	3153428	3194616
T	81	3	7	16	23	28	34	38	41
T	81	172914	203747	282491	371291	616522	1452692	3165974	3196898
T	82	3	7	16	23	28	34	38	41
T	82	172862	203815	279641	365002	604845	1409354	3104500	3127088
T	83	3	7	16	23	28	34	38	41
T	83	182838	216077	299708	408038	683835	1566405	3296001	3311895
T	84	3	7	16	23	28	34	38	41
T	84	171838	201001	277541	360446	600777	1422155	3057559	3068269
T	85	3	7	16	23	28	34	38	41
T	85	181253	204888	271392	349634	577481	1415599	3180980	3188366
T	86	3	7	16	23	28	34	38	41
T	86	181037	205459	273639	345403	565850	1395407	3215544	3220783
T	87	3	7	16	23	28	34	38	41
T	87	188626	213313	284598	360648	592261	1452677	3382103	3385493
T	88	3	7	16	23	28	34	38	41
T	88	188028	212625	282957	356884	581576	1419936	3351768	3354126
T	89	3	7	16	23	28	34	38	41
T	89	188541	213762	286430	360873	588638	1409076	3269549	3271045
T	90	3	7	16	23	28	34	38	41
T	90	183750	206744	276842	345028	566537	1360541	3073786	3074776
T	91	3	7	16	23	28	34	38	41
T	91	199485	225451	302586	379457	631303	1538491	3546429	3547044
T	92	3	7	16	23	28	34	38	41
T	92	192010	216026	290323	361624	593571	1436784	3249940	3250305
T	93	3	7	16	23	28	34	38	41
T	93	189431	212907	286498	352346	577723	1414620	3154674	3154890
T	94	3	7	16	23	28	34	38	41
T	94	192691	217096	294418	364416	608400	1499897	3302491	3302635
T	95	3	7	16	23	28	34	38	41
T	95	201220	225618	306364	376392	622905	1539149	3420064	3420153
T	96	3	7	16	23	28	34	38	41
T	96	194760	219196	297797	363337	601320	1463166	3299636	3299691
T	97	3	7	16	23	28	34	38	41
T	97	196240	219226	297259	361284	595992	1479994	3224561	3224607
T	98	3	7	16	23	28	34	38	41
T	98	205193	229776	312287	382544	632755	1597292	3521169	3521190
T	99	3	7	16	23	28	34	38	41
T	99	196872	219795	296208	360177	589048	1448603	3228080	3228093
T	100	3	7	16	23	28	34	38	41
T	100	207582	231908	313507	388470	633173	1539459	3306917	3306922
T	101	3	7	16	23	28	34	38	41
T	101	198816	219864	310552	382483	718858	2114281	3206891	3206892
T	102	3	7	16	23	28	34	38	41
T	102	197509	219750	302573	371936	635979	1802986	3168304	3168306
T	103	3	7	16	23	28	34	38
T	103	202019	224337	307566	374146	618068	1636870	3289425
T	104	3	7	16	23	28	34	38	41
T	104	203324	224786	305176	372142	595796	1497839	3163119	3163120
T	105	3	7	16	23	28	34	38
T	105	202955	223712	301329	364888	584703	1495314	3285593
T	106	3	7	16	23	28	34	38
T	106	221023	242037	323707	391121	620757	1583583	3494219
T	107	3	7	16	23	28	34	38
T	107	206805	227828	307942	365722	576838	1400794	3128023
T	108	3	7	16	23	28	34	38
T	108	199709	222529	304143	369948	575121	1380616	3104465
T	109	3	7	16	23	28	34	38
T	109	206356	227949	313057	375041	585772	1413939	3110031
T	110	3	7	16	23	28	34	38
T	110	201810	222103	298620	360474	571094	1384598	3097466
T	111	3	7	16	23	28	34	38
T	111	192554	211373	284605	339808	535357	1292176	2864714
T	112	3	7	16	23	28	34	38
T	112	196260	216505	292659	351272	552606	1334341	2961112
T	113	3	7	16	23	28	34	38
T	113	208207	229833	312107	372080	592216	1451192	3207096
T	114	3	7	16	23	28	34	38
T	114	205701	226301	307664	368012	579421	1397043	3061180
T	115	3	7	16	23	28	34	38
T	115	206528	226771	307385	364271	574479	1392077	3043470
T	116	3	7	16	23	28	34	38
T	116	208859	228566	308071	363871	571920	1380665	3095914
T	117	3	7	16	23	28	34	38
T	117	204846	225409	308363	362698	572309	1369983	2987874
T	118	3	7	16	23	28	34	38
T	118	215549	243385	356167	427555	642576	1455688	3144521
T	119	3	7	16	23	28	34	38
T	119	219758	241277	329287	404340	626829	1470454	3174885
T	120	3	7	16	23	28	34	38
T	120	209567	236030	328654	391100	598614	1370087	3004278
T	121	3	7	16	23	28	34	38
T	121	221168	245577	332784	399471	619011	1456933	3175911
T	122	3	7	16	23	28	34	38
T	122	215178	237455	318391	375334	583577	1386439	2996570
T	123	3	7	16	23	28	34	38
T	123	215152	235354	315904	370703	583093	1411078	3052727
T	124	3	7	16	23	28	34	38
T	124	221315	244801	339380	397648	635473	1497500	3131538
T	125	3	7	16	23	28	34	38
T	125	215566	235633	313270	368723	572916	1374256	2991867
T	126	3	7	16	23	28	34	38
T	126	220566	242044	326384	386305	597786	1386800	2971552
T	127	3	7	16	23	28	34	38
T	127	234108	255172	341333	405988	625553	1504821	3217596
T	128	3	7	16	23	28	34	38
T	128	223374	243350	321679	379316	584334	1377973	2958832
T	129	3	7	16	23	28	34	38
T	129	231670	252378	334490	392025	607336	1424132	3005610
T	130	3	7	16	23	28	34	38
T	130	239827	260710	347994	413830	636236	1544558	3245029
T	131	3	7	16	23	28	34	38
T	131	232324	252541	332322	390589	601527	1441747	3066495
T	132	3	7	16	23	28	34	38
T	132	244366	265857	354956	416807	642288	1524977	3119564
T	133	3	7	16	23	28	34	38
T	133	242010	262067	344306	403968	620990	1473284	3141836
T	134	3	7	16	23	28	34	38
T	134	253688	273542	356769	416456	640113	1523495	3190067
T	135	3	7	16	23	28	34	38
T	135	242348	260907	338813	399786	610208	1447687	2984117
T	136	3	7	16	23	28	34	38
T	136	263339	282673	364739	425608	655585	1567542	3262340
T	137	3	7	16	23	28	34	38
T	137	251460	269429	347629	408081	625858	1511648	3165325
T	138	3	7	16	23	28	34	38
T	138	259609	277392	355309	410140	633506	1509622	3106206
T	139	3	7	16	23	28	34	38
T	139	257273	275322	353794	412477	631859	1498892	3122605
T	140	3	7	16	23	28	34	38
T	140	254250	270369	341928	398732	602758	1427988	2974872
T	141	3	7	16	23	28	34	38
T	141	261554	278271	351151	407990	620031	1468439	3083208
T	142	3	7	16	23	28	34	38
T	142	269482	284465	356829	416521	627813	1470664	3052512
T	143	3	7	16	23	28	34	38
T	143	265954	280163	348737	405850	605868	1405297	2849899
T	144	3	7	16	23	28	34	38
T	144	276330	288995	360629	421482	622858	1430833	2855088
T	145	3	7	16	23	28	34	38
T	145	296769	308581	383090	448335	666386	1551375	3117915
T	146	3	7	16	23	28	34	38
T	146	298156	305100	369372	428645	629321	1454753	2935390
T	147	3	7	16	23	28	34	38
T	147	317659	321220	390210	455675	667917	1505397	2919256
T	148	3	7	16	23	28	34	38
T	148	323318	323340	384219	444923	646235	1471550	2924404
T	149	3	16	23	28	34	38
T	149	348015	488605	593699	945649	2051552	3006863
G	0	3	7	16	23	28	34
G	0	52159	58661	174127	206895	521912	3546738
G	1	3	7	16	23	28	34
G	1	29426	34919	111491	139236	327863	2452328
G	2	3	7	16	23	28	34
G	2	39406	45193	123110	151861	356561	3100872
G	3	3	7	16	23	28	34	38
G	3	37544	43057	122576	138252	230867	487966	3334623
G	4	3	7	16	23	28	34	38
G	4	49618	54629	138924	156025	249118	495079	3264423
G	5	3	7	16	23	28	34	38
G	5	47534	64017	125140	146457	227758	456699	2774097
G	6	3	7	16	23	28	34	38
G	6	43068	60967	125769	146080	221932	428952	2637940
G	7	3	7	16	23	28	34	38
G	7	42917	56825	117732	137189	215864	439279	2939303
G	8	3	7	16	23	28	34	38
G	8	58255	77481	150090	172359	256192	480288	2913448
G	9	3	7	16	23	28	34	38
G	9	51649	65427	128898	148156	227226	450268	2908612
G	10	3	7	16	23	28	34	38
G	10	71168	83899	155399	176662	267214	518746	3366984
G	11	3	7	16	23	28	34	38
G	11	61811	75050	140454	161644	243519	479057	3196920
G	12	3	7	16	23	28	34	38
G	12	69650	90297	166483	191136	278256	502256	2804454
G	13	3	7	16	23	28	34	38	41
G	13	65458	85838	163101	187664	278763	514010	1231071	2990692
G	14	3	7	16	23	28	34	38	41
G	14	60557	75873	144101	167737	256768	494799	1227042	3091854
G	15	3	7	16	23	28	34	38	41
G	15	80207	100775	179664	205689	299558	540253	1291307	3065626
G	16	3	7	16	23	28	34	38	41
G	16	72420	89287	154288	178252	264930	500981	1249414	3060928
G	17	3	7	16	23	28	34	38	41
G	17	82912	97356	160657	184498	270510	499939	1208826	3000391
G	18	3	7	16	23	28	34	38	41
G	18	75106	90992	151880	176847	259204	488614	1204162	3063939
G	19	3	7	16	23	28	34	38	41
G	19	70190	86392	151600	177660	263383	497552	1217422	3077206
G	20	3	7	16	23	28	34	38	41
G	20	87505	105318	170429	198418	282475	510500	1209375	2952826
G	21	3	7	16	23	28	34	38	41
G	21	94826	111592	171519	200425	286134	531669	1276791	3073924
G	22	3	7	16	23	28	34	38	41
G	22	96831	114048	170326	200257	282752	525803	1265369	3041290
G	23	3	7	16	23	28	34	38	41
G	23	92452	113771	174822	207728	292928	539467	1313102	3140449
G	24	3	7	16	23	28	34	38	41
G	24	78219	95317	146540	176453	252069	479252	1194328	2892167
G	25	3	7	16	23	28	34	38	41
G	25	83728	107602	169082	204556	291188	541719	1320490	3153842
G	26	3	7	16	23	28	34	38	41
G	26	101683	122302	173323	207873	285213	518807	1245189	2927287
G	27	3	7	16	23	28	34	38	41
G	27	90582	116188	172426	211584	294285	544835	1316814	3087918
G	28	3	7	16	23	28	34	38	41
G	28	116036	139710	190950	228677	308196	556925	1333454	3016493
G	29	3	7	16	23	28	34	38	41
G	29	112483	134594	179857	217329	293634	536429	1314090	2993351
G	30	3	7	16	23	28	34	38	41
G	30	124717	146924	190885	229722	305932	548908	1316618	2941820
G	31	3	7	16	23	28	34	38	41
G	31	113038	137676	181143	222137	302833	556773	1376819	3043944
G	32	3	7	16	23	28	34	38	41
G	32	98745	124755	169471	211722	292831	547731	1330944	2926400
G	33	3	7	16	23	28	34	38	41
G	33	129279	155812	198769	243524	328208	593894	1414828	3069098
G	34	3	7	16	23	28	34	38	41
G	34	102291	128559	167829	209962	288241	539891	1325106	2857859
G	35	3	7	16	23	28	34	38	41
G	35	108041	138489	180953	229091	313686	581480	1412089	2982219
G	36	3	7	16	23	28	34	38	41
G	36	110659	137321	177138	223501	307875	583276	1444360	3013556
G	37	3	7	16	23	28	34	38	41
G	37	115633	140878	180159	229616	315425	593371	1444077	3012375
G	38	3	7	16	23	28	34	38	41
G	38	113476	138708	177105	226649	310852	587754	1454032	2900040
G	39	3	7	16	23	28	34	38	41
G	39	146940	171043	209942	264285	351678	636391	1564466	3047314
G	40	3	7	16	23	28	34	38	41
G	40	158595	187293	231189	290385	389418	719102	1709138	3229121
G	41	3	7	16	23	28	34	38	41
G	41	144906	171176	212299	271799	367662	682533	1676865	3030479
G	42	3	7	16	23	28	34	38	41
G	42	158434	184575	227303	289119	388030	720797	1748758	3031310
G	43	3	7	16	23	28	34	38	41
G	43	153438	179503	221431	281562	374570	684470	1626540	2827739
G	44	3	7	16	23	28	34	38	41
G	44	151906	178230	217816	285168	387948	721749	1728270	3056321
G	45	3	7	16	23	28	34	38	41
G	45	139019	163657	201619	269881	371907	708872	1720884	2966335
G	46	3	7	16	23	28	34	38	41
G	46	166174	192654	233224	304197	411594	768024	1849706	3012311
G	47	3	7	16	23	28	34	38	41
G	47	146728	172268	212729	286254	397579	776026	1902989	3063213
G	48	3	7	16	23	28	34	38	41
G	48	140533	165935	205905	280020	393693	767217	1842057	2910535
G	49	3	7	16	23	28	34	38	41
G	49	166061	191561	232025	308028	420627	799771	1872425	2923613
G	50	3	7	16	23	28	34	38	41
G	50	161691	187522	228511	307816	425687	825317	1937545	2918023
G	51	3	7	16	23	28	34	38	41
G	51	151122	177054	219898	302893	425049	839922	1999225	3031484
G	52	3	7	16	23	28	34	38	41
G	52	152562	178912	221864	308111	435463	861956	2040160	3068440
G	53	3	7	16	23	28	34	38	41
G	53	149813	177268	221797	307344	434057	863233	2051241	2970184
G	54	3	7	16	23	28	34	38	41
G	54	155007	182038	228261	315833	460744	933258	2269044	3158503
G	55	3	7	16	23	28	34	38	41
G	55	155249	184143	230230	318850	462026	924591	2168461	3040203
G	56	3	7	16	23	28	34	38	41
G	56	151900	177403	221116	305629	446526	911496	2094203	2830049
G	57	3	7	16	23	28	34	38	41
G	57	166207	192978	240543	335654	495801	1027972	2477726	3161348
G	58	3	7	16	23	28	34	38	41
G	58	166456	192435	237972	315079	481941	1010193	2445503	3121697
G	59	3	7	16	23	28	34	38	41
G	59	165079	192761	239898	322382	495114	1020150	2373019	3124253
G	60	3	7	16	23	28	34	38	41
G	60	172454	197862	243919	330075	509297	1072735	2555785	3164628
G	61	3	7	16	23	28	34	38	41
G	61	175748	202297	249939	336101	507979	1052361	2522652	3223300
G	62	3	7	16	23	28	34	38	41
G	62	172011	196442	241813	323916	488660	1007296	2373970	2955629
G	63	3	7	16	23	28	34	38	41
G	63	169898	194205	239583	321317	489587	1022500	2427701	2950314
G	64	3	7	16	23	28	34	38	41
G	64	171535	196728	242255	325320	494228	1036897	2488836	2979873
G	65	3	7	16	23	28	34	38	41
G	65	179934	205508	255603	346019	524467	1119170	2522106	3007405
G	66	3	7	16	23	28	34	38	41
G	66	170915	195749	241116	322782	491004	1036213	2433314	2868989
G	67	3	7	16	23	28	34	38	41
G	67	185501	211234	260611	353649	540530	1141376	2643154	3076047
G	68	3	7	16	23	28	34	38	41
G	68	183519	208380	256118	342763	523324	1126536	2653722	2996539
G	69	3	7	16	23	28	34	38	41
G	69	185398	209957	256900	341910	519006	1119439	2591215	2909474
G	70	3	7	16	23	28	34	38	41
G	70	188084	212378	259397	346381	525645	1151946	2659287	2891288
G	71	3	7	16	23	28	34	38	41
G	71	188952	212822	260398	348313	524781	1127983	2616992	2816015
G	72	3	7	16	23	28	34	38	41
G	72	201215	227803	280971	385831	588894	1257125	2782778	3013847
G	73	3	7	16	23	28	34	38	41
G	73	199064	225293	275951	369663	558178	1204750	2734937	2946017
G	74	3	7	16	23	28	34	38	41
G	74	210144	238808	294836	403432	615399	1320481	2869275	3118345
G	75	3	7	16	23	28	34	38	41
G	75	203310	229930	282735	380720	575105	1265993	2820761	2940382
G	76	3	7	16	23	28	34	38	41
G	76	205413	232714	287722	397589	609804	1337002	2849891	3002297
G	77	3	7	16	23	28	34	38	41
G	77	205982	231714	284423	388790	588149	1312680	2790529	2878424
G	78	3	7	16	23	28	34	38	41
G	78	214790	242944	300127	410378	625017	1403661	3006121	3059433
G	79	3	7	16	23	28	34	38	41
G	79	219393	247896	306216	415809	628113	1398728	3056630	3083267
G	80	3	7	16	23	28	34	38	41
G	80	219771	249528	308574	420449	632398	1404631	3057329	3075963
G	81	3	7	16	23	28	34	38	41
G	81	213832	242107	298344	402485	606197	1381502	2938364	2951387
G	82	3	7	16	23	28	34	38	41
G	82	210388	239203	296259	397851	596355	1341605	2851751	2860714
G	83	3	7	16	23	28	34	38	41
G	83	211427	239565	298228	404719	614449	1406428	2918039	2923958
G	84	3	7	16	23	28	34	38	41
G	84	219512	249305	311977	431024	654482	1497578	2991632	2995613
G	85	3	7	16	23	28	34	38	41
G	85	214013	236451	290720	393806	596340	1389348	2987282	2989790
G	86	3	7	16	23	28	34	38	41
G	86	214314	237499	288624	385017	568049	1297211	2849598	2851158
G	87	3	7	16	23	28	34	38	41
G	87	215318	238439	290316	383148	563110	1277488	2910740	2911785
G	88	3	7	16	23	28	34	38	41
G	88	210108	234451	287112	377553	552536	1243916	2788694	2789260
G	89	3	7	16	23	28	34	38	41
G	89	223450	251011	311930	419613	619426	1382263	3038578	3038946
G	90	3	7	16	23	28	34	38	41
G	90	217877	240786	296017	387141	572007	1307155	2954566	2954752
G	91	3	7	16	23	28	34	38	41
G	91	215551	241289	297324	392804	571575	1274850	2802905	2803041
G	92	3	7	16	23	28	34	38	41
G	92	222010	245771	303188	401159	592119	1361414	3016937	3017004
G	93	3	7	16	23	28	34	38	41
G	93	224160	247557	303456	396815	582233	1344266	3085839	3085868
G	94	3	7	16	23	28	34	38	41
G	94	218866	241643	297215	388257	567274	1298161	2903328	2903347
G	95	3	7	16	23	28	34	38	41
G	95	219382	241332	296497	387641	565155	1300792	2914105	2914117
G	96	3	7	16	23	28	34	38	41
G	96	232674	255655	313275	413743	601070	1373146	3031061	3031069
G	97	3	7	16	23	28	34	38	41
G	97	222762	244717	299158	393242	572878	1312043	2922471	2922477
G	98	3	7	16	23	28	34	38	41
G	98	220249	242748	297882	391731	566509	1282978	2810808	2810811
G	99	3	7	16	23	28	34	38	41
G	99	222568	243595	298638	390789	565686	1290711	2875960	2875962
G	100	3	7	16	23	28	34	38
G	100	226696	247968	303153	395777	574748	1314087	2904060
G	101	3	7	16	23	28	34	38
G	101	228054	253812	337662	498687	813178	2103643	3001373
G	102	3	7	16	23	28	34	38	41
G	102	235231	260424	333351	463473	703101	1839030	3015166	3015167
G	103	3	7	16	23	28	34	38
G	103	225296	247171	307071	410429	606289	1440979	2855872
G	104	3	7	16	23	28	34	38
G	104	236741	258357	319190	423718	620418	1434869	3068173
G	105	3	7	16	23	28	34	38
G	105	230068	251211	308490	402892	585211	1331760	2908964
G	106	3	7	16	23	28	34	38
G	106	232939	252611	309137	406386	582097	1309298	2880249
G	107	3	7	16	23	28	34	38
G	107	229712	249620	304429	400519	571004	1260362	2781928
G	108	3	7	16	23	28	34	38
G	108	243961	264789	322811	420280	604552	1363636	3046539
G	109	3	7	16	23	28	34	38
G	109	230131	249656	304156	397830	568012	1253838	2769455
G	110	3	7	16	23	28	34	38
G	110	251082	271238	329466	428992	615938	1381800	3064516
G	111	3	7	16	23	28	34	38
G	111	252139	273418	333876	440287	631786	1403723	3134113
G	112	3	7	16	23	28	34	38
G	112	261352	284124	347295	452499	652379	1464929	3184179
G	113	3	7	16	23	28	34	38
G	113	242699	263141	321924	419008	598187	1333217	2911460
G	114	3	7	16	23	28	34	38
G	114	248301	268635	327830	427736	608946	1359697	2967037
G	115	3	7	16	23	28	34	38
G	115	254792	275131	335000	431982	615177	1377143	2974081
G	116	3	7	16	23	28	34	38
G	116	265386	285966	348956	455878	650124	1455178	3122533
G	117	3	7	16	23	28	34	38
G	117	262234	284028	345672	450945	640760	1406442	3058433
G	118	3	7	16	23	28	34	38
G	118	264377	288036	351485	457483	647572	1416232	3061670
G	119	3	7	16	23	28	34	38
G	119	267505	288917	351608	459635	652224	1429299	3049252
G	120	3	7	16	23	28	34	38
G	120	264141	286166	347604	451235	641216	1418328	3049534
G	121	3	7	16	23	28	34	38
G	121	266701	288507	351420	459641	649973	1432240	3020229
G	122	3	7	16	23	28	34	38
G	122	258328	278384	337750	433197	613614	1366928	2915352
G	123	3	7	16	23	28	34	38
G	123	282468	303609	368646	478196	675089	1510627	3168709
G	124	3	7	16	23	28	34	38
G	124	275754	296826	358435	458349	645266	1433902	3056860
G	125	3	7	16	23	28	34	38
G	125	281672	303361	369094	475567	667963	1496973	3099814
G	126	3	7	16	23	28	34	38
G	126	275818	295816	356125	455167	640427	1416348	3006599
G	127	3	7	16	23	28	34	38
G	127	289240	309717	372155	481085	679911	1509648	3144669
G	128	3	7	16	23	28	34	38
G	128	279272	299342	358493	456371	643156	1422798	2974956
G	129	3	7	16	23	28	34	38
G	129	295985	316480	379626	491687	693024	1511905	3094205
G	130	3	7	16	23	28	34	38
G	130	284931	303780	362381	462049	647312	1410258	2898957
G	131	3	7	16	23	28	34	38
G	131	292465	311826	370632	469714	658719	1439814	2974157
G	132	3	7	16	23	28	34	38
G	132	292298	310860	369301	465406	654067	1437966	2992349
G	133	3	7	16	23	28	34	38
G	133	307840	325864	384194	479379	674403	1486527	3109866
G	134	3	7	16	23	28	34	38
G	134	295148	312405	368422	464423	647438	1433613	2991292
G	135	3	7	16	23	28	34	38
G	135	304600	321558	378979	474281	665157	1472792	3018463
G	136	3	7	16	23	28	34	38
G	136	308132	325178	381450	476909	663713	1456184	2940642
G	137	3	7	16	23	28	34	38
G	137	317246	333188	388400	479372	667070	1469508	2913582
G	138	3	7	16	23	28	34	38
G	138	331761	348077	406208	503276	704736	1578490	3187875
G	139	3	7	16	23	28	34	38
G	139	323420	339456	393766	487272	674257	1473298	2931197
G	140	3	7	16	23	28	34	38
G	140	362092	377080	434201	535476	742270	1635439	3287700
G	141	3	7	16	23	28	34	38
G	141	362716	377941	434069	535730	735289	1584547	3128950
G	142	3	7	16	23	28	34	38
G	142	368918	382416	436480	535727	735326	1601608	3157475
G	143	3	7	16	23	28	34	38
G	143	383240	396451	450065	551249	751879	1624521	3203142
G	144	3	7	16	23	28	34	38
G	144	390044	400025	449247	546326	741177	1614635	3199485
G	145	3	7	16	23	28	34	38
G	145	392617	401286	447016	537008	723029	1567542	3080410
G	146	3	7	16	23	28	34	38
G	146	402460	407136	452201	539845	733900	1619849	3135982
G	147	3	7	16	23	28	34	38
G	147	426929	428823	473242	564769	761359	1645050	3170314
G	148	3	7	16	23	28	34	38
G	148	441946	441967	486749	573840	761999	1658108	3178558
G	149	3	16	23	28	34	38
G	149	431812	521069	674440	971159	2119205	3028185
C	0	3	7	16	23	28	34
C	0	49054	56226	200704	241110	648139	5380214
C	1	3	7	16	23	28	34
C	1	25124	30360	102500	130107	311960	2503146
C	2	3	7	16	23	28	34
C	2	32461	38178	120184	151943	372334	3253958
C	3	3	7	16	23	28	34	38
C	3	41971	46753	118699	131578	203241	389220	2696517
C	4	3	7	16	23	28	34	38
C	4	31438	35483	93910	105415	172112	352721	2579231
C	5	3	7	16	23	28	34	38
C	5	32190	42845	99464	115920	187213	385702	2670651
C	6	3	7	16	23	28	34	38
C	6	37634	48092	111179	128936	208176	424206	2954461
C	7	3	7	16	23	28	34	38
C	7	43454	53482	121973	139544	226620	470867	3378273
C	8	3	7	16	23	28	34	38
C	8	42962	52488	122272	140786	227215	461179	3117182
C	9	3	7	16	23	28	34	38
C	9	37365	44585	100430	113913	181153	367665	2572997
C	10	3	7	16	23	28	34	38
C	10	46207	54511	117922	134268	214532	441072	3195618
C	11	3	7	16	23	28	34	38
C	11	59643	67880	136826	154332	235281	461147	3238269
C	12	3	7	16	23	28	34	38
C	12	49100	59379	127978	147678	231471	452732	2868461
C	13	3	7	16	23	28	34	38	41
C	13	50210	60490	130885	150562	237334	457127	1100926	2924719
C	14	3	7	16	23	28	34	38	41
C	14	67347	76766	145731	164022	245772	457657	1095027	2892887
C	15	3	7	16	23	28	34	38	41
C	15	54716	64714	135222	155795	243172	471963	1156970	3055058
C	16	3	7	16	23	28	34	38	41
C	16	53710	62824	123655	141849	217856	422669	1049772	2827539
C	17	3	7	16	23	28	34	38	41
C	17	56125	65087	124712	143849	220760	431383	1079170	2890685
C	18	3	7	16	23	28	34	38	41
C	18	54548	63896	122313	142133	217846	420678	1027010	2827329
C	19	3	7	16	23	28	34	38	41
C	19	60693	71230	130264	151355	227525	436013	1073693	2933871
C	20	3	7	16	23	28	34	38	41
C	20	60977	71241	129260	151165	227200	440265	1088181	2947613
C	21	3	7	16	23	28	34	38	41
C	21	60339	71093	125931	148567	223088	432871	1080154	2926489
C	22	3	7	16	23	28	34	38	41
C	22	62682	74956	130113	154879	230641	446148	1111025	2958079
C	23	3	7	16	23	28	34	38	41
C	23	65851	78954	132426	158080	232657	446068	1100537	2898621
C	24	3	7	16	23	28	34	38	41
C	24	70026	83949	134561	162214	236279	456021	1137049	2989560
C	25	3	7	16	23	28	34	38	41
C	25	67864	82988	133298	161391	233018	443541	1088576	2815075
C	26	3	7	16	23	28	34	38	41
C	26	74696	90874	142163	172490	248402	475662	1181718	3052660
C	27	3	7	16	23	28	34	38	41
C	27	74339	92127	140349	172074	244899	465294	1133586	2845300
C	28	3	7	16	23	28	34	38	41
C	28	73276	92620	138234	170648	240988	457959	1124299	2824583
C	29	3	7	16	23	28	34	38	41
C	29	78798	97070	139048	171726	241894	464283	1157408	2910734
C	30	3	7	16	23	28	34	38	41
C	30	78198	98902	140733	175693	247722	474911	1192548	2967420
C	31	3	7	16	23	28	34	38	41
C	31	83200	104227	143929	179246	251304	479273	1200209	2975023
C	32	3	7	16	23	28	34	38	41
C	32	91305	115001	155674	196241	274640	524725	1302883	3132949
C	33	3	7	16	23	28	34	38	41
C	33	86569	109369	148635	187097	261740	498244	1231196	2933955
C	34	3	7	16	23	28	34	38	41
C	34	95138	119351	157952	198806	278224	531448	1301213	3077427
C	35	3	7	16	23	28	34	38	41
C	35	90225	113773	147562	185287	256834	485101	1194610	2794527
C	36	3	7	16	23	28	34	38	41
C	36	118801	142066	177795	219367	295357	541549	1306957	2972194
C	37	3	7	16	23	28	34	38	41
C	37	98342	120755	154103	194649	269532	510335	1262569	2829689
C	38	3	7	16	23	28	34	38	41
C	38	121284	145267	180672	224125	301650	550110	1317036	2948977
C	39	3	7	16	23	28	34	38	41
C	39	102042	123579	156637	199935	275695	524845	1319196	2814581
C	40	3	7	16	23	28	34	38	41
C	40	98126	120245	153977	199127	276261	529265	1316276	2760492
C	41	3	7	16	23	28	34	38	41
C	41	108620	130908	166499	216455	302464	590886	1518481	2909665
C	42	3	7	16	23	28	34	38	41
C	42	104277	125935	159109	205854	285900	556082	1391156	2753040
C	43	3	7	16	23	28	34	38	41
C	43	111391	133718	169869	223971	313335	617004	1524415	2904361
C	44	3	7	16	23	28	34	38	41
C	44	109749	131018	163073	215460	302716	590780	1490540	2763382
C	45	3	7	16	23	28	34	38	41
C	45	133593	156219	190131	245186	338438	646682	1631685	2984831
C	46	3	7	16	23	28	34	38	41
C	46	113460	134729	167410	221864	311387	609954	1529343	2746887
C	47	3	7	16	23	28	34	38	41
C	47	142307	164444	199208	257452	353992	671820	1698454	2958405
C	48	3	7	16	23	28	34	38	41
C	48	148309	169195	202372	259122	355372	673392	1684077	2798992
C	49	3	7	16	23	28	34	38	41
C	49	128055	150595	186731	249455	355141	713065	1768115	2950894
C	50	3	7	16	23	28	34	38	41
C	50	130996	152629	187690	250731	356116	719064	1824524	2993214
C	51	3	7	16	23	28	34	38	41
C	51	132415	153915	189560	256097	367063	757480	1862942	2962663
C	52	3	7	16	23	28	34	38	41
C	52	123485	144444	178556	240434	344314	700271	1724339	2725317
C	53	3	7	16	23	28	34	38	41
C	53	153897	177716	215927	286450	401341	799650	1956481	2979509
C	54	3	7	16	23	28	34	38	41
C	54	135161	156527	192612	253572	373845	764378	1916695	2827452
C	55	3	7	16	23	28	34	38	41
C	55	134184	157256	194864	260673	392367	832974	2076344	2937405
C	56	3	7	16	23	28	34	38	41
C	56	135134	156999	194300	260483	390032	830948	2058123	2885761
C	57	3	7	16	23	28	34	38	41
C	57	139415	162032	201379	268342	402260	865297	2121985	2963132
C	58	3	7	16	23	28	34	38	41
C	58	139160	160839	198737	261305	406941	865991	2118954	2828959
C	59	3	7	16	23	28	34	38	41
C	59	150702	173971	214070	278865	430736	949156	2356414	3054396
C	60	3	7	16	23	28	34	38	41
C	60	149925	171229	209441	272208	421317	903633	2304114	3055656
C	61	3	7	16	23	28	34	38	41
C	61	148636	169108	207296	268554	415496	900277	2358329	2954680
C	62	3	7	16	23	28	34	38	41
C	62	150583	171202	209615	272194	422522	922183	2378165	3003979
C	63	3	7	16	23	28	34	38	41
C	63	150019	170393	209702	273191	424118	923627	2400283	2934716
C	64	3	7	16	23	28	34	38	41
C	64	153399	174776	214749	280089	434442	952610	2403923	2960552
C	65	3	7	16	23	28	34	38	41
C	65	158011	179705	221809	288856	451868	1003913	2610873	3134143
C	66	3	7	16	23	28	34	38	41
C	66	167269	190253	235957	310234	481716	1095612	2709431	3141701
C	67	3	7	16	23	28	34	38	41
C	67	161457	182279	224820	289485	453729	1034391	2603252	2990019
C	68	3	7	16	23	28	34	38	41
C	68	169766	191496	236228	307302	476012	1083901	2711503	3106284
C	69	3	7	16	23	28	34	38	41
C	69	171070	192536	236702	307119	479280	1116683	2843586	3139860
C	70	3	7	16	23	28	34	38	41
C	70	174285	196325	241435	319885	496245	1120998	2854806	3132289
C	71	3	7	16	23	28	34	38	41
C	71	176212	197610	241665	317934	496274	1150389	2902427	3145928
C	72	3	7	16	23	28	34	38	41
C	72	171400	193174	238038	309754	487343	1145631	2852575	3070703
C	73	3	7	16	23	28	34	38	41
C	73	175481	197330	244218	325579	512199	1196300	2850659	3009069
C	74	3	7	16	23	28	34	38	41
C	74	168965	190727	236201	306431	479432	1121112	2746208	2887262
C	75	3	7	16	23	28	34	38	41
C	75	176819	200997	251373	336676	527920	1207840	2793203	3005028
C	76	3	7	16	23	28	34	38	41
C	76	177297	199609	248614	323931	507300	1251898	2990886	3069452
C	77	3	7	16	23	28	34	38	41
C	77	178585	201137	250200	327915	516503	1243350	3042766	3112379
C	78	3	7	16	23	28	34	38	41
C	78	176144	198514	247834	321535	503214	1202005	2865319	2906818
C	79	3	7	16	23	28	34	38	41
C	79	177308	199105	248576	324671	504791	1208212	2880132	2909890
C	80	3	7	16	23	28	34	38	41
C	80	180558	204611	258934	340681	529797	1260565	2945332	2967010
C	81	3	7	16	23	28	34	38	41
C	81	180586	203799	256325	339702	529293	1262683	2881271	2896385
C	82	3	7	16	23	28	34	38	41
C	82	189672	215329	275480	370391	580381	1379823	3046425	3056683
C	83	3	7	16	23	28	34	38	41
C	83	181538	205155	259871	341901	530292	1274735	2866156	2873032
C	84	3	7	16	23	28	34	38	41
C	84	186554	211056	267869	352135	547420	1326647	2950285	2954788
C	85	3	7	16	23	28	34	38	41
C	85	189022	209061	258993	339140	518447	1269882	2877194	2880113
C	86	3	7	16	23	28	34	38	41
C	86	178976	197317	242606	309421	471515	1143107	2765553	2767404
C	87	3	7	16	23	28	34	38	41
C	87	189706	209172	257702	325626	495217	1199500	2866674	2867771
C	88	3	7	16	23	28	34	38	41
C	88	194590	214452	263567	335657	504354	1219896	2981171	2981842
C	89	3	7	16	23	28	34	38	41
C	89	186077	206079	255122	324503	488042	1162101	2798421	2798832
C	90	3	7	16	23	28	34	38	41
C	90	196428	217550	272644	351341	534697	1282507	3019004	3019212
C	91	3	7	16	23	28	34	38	41
C	91	189292	209123	259660	331951	498146	1185560	2816435	2816554
C	92	3	7	16	23	28	34	38	41
C	92	191471	210954	263415	332706	502761	1205403	2851570	2851653
C	93	3	7	16	23	28	34	38	41
C	93	190674	209581	260065	328245	493649	1190479	2834975	2835018
C	94	3	7	16	23	28	34	38	41
C	94	200468	221014	274952	351501	524081	1241925	2907062	2907077
C	95	3	7	16	23	28	34	38	41
C	95	197238	215452	266788	337114	503773	1204245	2869771	2869782
C	96	3	7	16	23	28	34	38	41
C	96	199394	218313	270633	339656	508165	1234744	2937351	2937356
C	97	3	7	16	23	28	34	38
C	97	195689	213871	264570	333564	498076	1193587	2831051
C	98	3	7	16	23	28	34	38
C	98	204815	224364	278238	353497	527040	1259229	2948317
C	99	3	7	16	23	28	34	38	41
C	99	206702	225448	280611	355613	530137	1274042	3003947	3003948
C	100	3	7	16	23	28	34	38	41
C	100	204029	222613	277184	349070	519665	1241027	2984592	2984595
C	101	3	7	16	23	28	34	38
C	101	211702	231682	312967	438655	749696	2148320	2967679
C	102	3	7	16	23	28	34	38
C	102	202356	220860	281728	369981	590738	1679781	2951843
C	103	3	7	16	23	28	34	38
C	103	208657	225764	282482	357196	545739	1406535	3009642
C	104	3	7	16	23	28	34	38
C	104	205141	221782	275505	347984	520429	1298088	2986270
C	105	3	7	16	23	28	34	38
C	105	212496	228785	282827	357527	527795	1276087	2967705
C	106	3	7	16	23	28	34	38
C	106	205749	221101	271918	335915	498764	1210287	2886162
C	107	3	7	16	23	28	34	38
C	107	214555	230236	282405	348476	515705	1254228	3072402
C	108	3	7	16	23	28	34	38
C	108	209114	224969	276250	339780	504752	1212279	2949629
C	109	3	7	16	23	28	34	38
C	109	228929	245863	300403	373375	553198	1337313	3262562
C	110	3	7	16	23	28	34	38
C	110	216929	232635	285421	354808	520871	1246031	3020689
C	111	3	7	16	23	28	34	38
C	111	219351	234995	287055	357733	525662	1255828	3016900
C	112	3	7	16	23	28	34	38
C	112	217790	234446	288094	358532	526336	1245194	3003498
C	113	3	7	16	23	28	34	38
C	113	215214	231052	283695	354826	518813	1222910	2897865
C	114	3	7	16	23	28	34	38
C	114	222571	238699	292994	364656	535814	1278832	3045868
C	115	3	7	16	23	28	34	38
C	115	226130	241495	293828	363877	534143	1275143	3051211
C	116	3	7	16	23	28	34	38
C	116	223412	238800	291065	356856	524222	1250836	2968230
C	117	3	7	16	23	28	34	38
C	117	237131	253668	310179	381589	558982	1331529	3167575
C	118	3	7	16	23	28	34	38
C	118	228105	244065	298450	367290	537263	1273491	3008954
C	119	3	7	16	23	28	34	38
C	119	228991	244574	298530	368910	537421	1270154	2969582
C	120	3	7	16	23	28	34	38
C	120	236333	251724	306502	376846	548613	1310408	2988578
C	121	3	7	16	23	28	34	38
C	121	233174	249766	306073	381786	554478	1282710	2944379
C	122	3	7	16	23	28	34	38
C	122	239446	255786	312611	388880	568009	1337621	3104463
C	123	3	7	16	23	28	34	38
C	123	233508	248682	301612	370079	530887	1245887	2869746
C	124	3	7	16	23	28	34	38
C	124	237971	253315	306666	372251	541507	1298414	3024905
C	125	3	7	16	23	28	34	38
C	125	241019	256558	310805	372654	545223	1328589	3118705
C	126	3	7	16	23	28	34	38
C	126	251665	267557	324310	391264	572198	1373175	3124165
C	127	3	7	16	23	28	34	38
C	127	232951	247174	297745	359217	518786	1224622	2801215
C	128	3	7	16	23	28	34	38
C	128	243935	258916	311848	375890	545483	1309245	2997777
C	129	3	7	16	23	28	34	38
C	129	240694	255198	307206	372378	537723	1288404	2946908
C	130	3	7	16	23	28	34	38
C	130	251149	266332	320563	391441	563670	1330331	2939746
C	131	3	7	16	23	28	34	38
C	131	245454	259397	311664	377096	542324	1289173	2895318
C	132	3	7	16	23	28	34	38
C	132	256286	270198	321555	388170	555520	1308805	2961568
C	133	3	7	16	23	28	34	38
C	133	259402	272847	325172	390227	562626	1329882	2966860
C	134	3	7	16	23	28	34	38
C	134	268475	281620	331638	394149	564995	1343765	2947652
C	135	3	7	16	23	28	34	38
C	135	276710	289959	341552	405346	581355	1377472	3057493
C	136	3	7	16	23	28	34	38
C	136	270417	283097	332455	395542	560531	1352288	2948973
C	137	3	7	16	23	28	34	38
C	137	267852	280154	328441	392529	554992	1313260	2881448
C	138	3	7	16	23	28	34	38
C	138	266556	277951	324460	384616	542557	1275993	2780392
C	139	3	7	16	23	28	34	38
C	139	290213	301783	349674	408366	581036	1393938	3022985
C	140	3	7	16	23	28	34	38
C	140	274143	284632	330295	389456	549753	1306478	2836267
C	141	3	7	16	23	28	34	38
C	141	290260	300728	345990	404491	569214	1351778	2951702
C	142	3	7	16	23	28	34	38
C	142	296656	305998	349662	410682	569384	1317984	2848476
C	143	3	7	16	23	28	34	38
C	143	306272	314908	358020	421316	583500	1368604	2923465
C	144	3	7	16	23	28	34	38
C	144	323735	331433	373899	441748	609096	1409695	2960774
C	145	3	7	16	23	28	34	38
C	145	330821	336654	375749	437346	593111	1387631	2937931
C	146	3	7	16	23	28	34	38
C	146	357124	360846	398127	462021	623746	1418853	2963814
C	147	3	7	16	23	28	34	38
C	147	349968	351561	385314	437574	590894	1358965	2873529
C	148	3	7	16	23	28	34	38
C	148	357846	357871	390983	442777	596348	1378794	2856516
C	149	3	16	23	28	34	38
C	149	368181	440878	525628	767402	1890748	2913439
N	0	3
N	0	1983
N	1	3
N	1	1835
N	2	3
N	2	2454
N	3	3
N	3	2417
N	4	3
N	4	2599
N	5	3
N	5	4403
N	6	3
N	6	4700
N	7	3
N	7	5323
N	8	3
N	8	8008
N	9	3
N	9	7993
N	10	3
N	10	7742
N	11	3
N	11	6704
N	12	3
N	12	5799
N	13	3
N	13	5263
N	14	3
N	14	3389
N	15	3
N	15	3783
N	16	3
N	16	3283
N	17	3
N	17	3834
N	18	3
N	18	3090
N	19	3
N	19	3243
N	20	3
N	20	2914
N	21	3
N	21	2759
N	22	3
N	22	3065
N	23	3
N	23	2682
N	24	3
N	24	2455
N	25	3
N	25	2493
N	26	3
N	26	2113
N	27	3
N	27	2322
N	28	3
N	28	2815
N	29	3
N	29	3400
N	30	3
N	30	4269
N	31	3
N	31	4119
N	32	3
N	32	4447
N	33	3
N	33	6789
N	34	3
N	34	7427
N	35	3
N	35	7329
N	36	3
N	36	5697
N	37	3
N	37	5170
N	38	3
N	38	5310
N	39	3
N	39	3953
N	40	3
N	40	3332
N	41	3
N	41	2816
N	42	3
N	42	3574
N	43	3
N	43	2930
N	44	3
N	44	3135
N	45	3
N	45	2742
N	46	3
N	46	2390
N	47	3
N	47	3010
N	48	3
N	48	2670
N	49	3
N	49	2353
N	50	3
N	50	2426
N	51	3
N	51	2050
N	52	3
N	52	1622
N	53	3
N	53	1418
N	54	3
N	54	1463
N	55	3
N	55	1538
N	56	3
N	56	1582
N	57	3
N	57	1344
N	58	3
N	58	1899
N	59	3
N	59	2683
N	60	3
N	60	2524
N	61	3
N	61	2113
N	62	3
N	62	1425
N	63	3
N	63	1444
N	64	3
N	64	1760
N	65	3
N	65	1508
N	66	3
N	66	1997
N	67	3
N	67	2782
N	68	3
N	68	2013
N	69	3
N	69	1758
N	70	3
N	70	2116
N	71	3
N	71	1679
N	72	3
N	72	2438
N	73	3
N	73	1387
N	74	3
N	74	1295
N	75	3
N	75	1027
N	76	3
N	76	1472
N	77	3
N	77	906
N	78	3
N	78	1306
N	79	3
N	79	1433
N	80	3
N	80	1024
N	81	3
N	81	973
N	82	3
N	82	897
N	83	3
N	83	1674
N	84	3
N	84	1821
N	85	3
N	85	1952
N	86	3
N	86	1201
N	87	3
N	87	959
N	88	3
N	88	1320
N	89	3
N	89	1314
N	90	3
N	90	1310
N	91	3
N	91	1052
N	92	3
N	92	1051
N	93	3
N	93	1206
N	94	3
N	94	1488
N	95	3
N	95	2513
N	96	3
N	96	3449
N	97	3
N	97	3356
N	98	3
N	98	3198
N	99	3
N	99	3409
N	100	3
N	100	5687
N	101	3
N	101	5257
N	102	3
N	102	4775
N	103	3
N	103	3702
N	104	3
N	104	5000
N	105	3
N	105	4683
N	106	3
N	106	3522
N	107	3
N	107	4631
N	108	3
N	108	4636
N	109	3
N	109	3598
N	110	3
N	110	4656
N	111	3
N	111	5635
N	112	3
N	112	6343
N	113	3
N	113	7101
N	114	3
N	114	6552
N	115	3
N	115	7060
N	116	3
N	116	5766
N	117	3
N	117	7332
N	118	3
N	118	6330
N	119	3
N	119	6411
N	120	3
N	120	6489
N	121	3
N	121	7836
N	122	3
N	122	7097
N	123	3
N	123	7271
N	124	3
N	124	8511
N	125	3
N	125	7033
N	126	3
N	126	4959
N	127	3
N	127	5933
N	128	3
N	128	7488
N	129	3
N	129	7041
N	130	3
N	130	6782
N	131	3
N	131	7065
N	132	3
N	132	6690
N	133	3
N	133	6589
N	134	3
N	134	7164
N	135	3
N	135	7568
N	136	3
N	136	8424
N	137	3
N	137	7379
N	138	3
N	138	8420
N	139	3
N	139	8978
N	140	3
N	140	9271
N	141	3
N	141	9049
N	142	3
N	142	9380
N	143	3
N	143	9028
N	144	3
N	144	10488
N	145	3
N	145	10481
N	146	3
N	146	9319
N	147	3
N	147	10276
N	148	3
N	148	9487
N	149	3
N	149	9448
