.	0	3	7	16	23	28	34
.	0	40020	46153	309325	361402	1522200	12276056
.	1	3	7	16	23	28	34
.	1	30805	36524	201972	264270	1044420	12276056
.	2	3	7	16	23	28	34
.	2	31734	43659	1055152	1327317	2613680	12276056
.	3	3	7	16	23	28	34	38
.	3	34030	44415	914207	989928	1713012	3237441	12276056
.	4	3	7	16	23	28	34	38
.	4	36613	40611	294112	322927	747099	2146348	12276056
.	5	3	7	16	23	28	34	38
.	5	54984	77187	250614	301283	586618	1627879	12276056
.	6	3	7	16	23	28	34	38
.	6	56865	79206	254293	297993	560198	1459650	12276056
.	7	3	7	16	23	28	34	38
.	7	63841	86640	253287	297245	548159	1379752	12276056
.	8	3	7	16	23	28	34	38
.	8	65173	86354	244136	286976	521552	1294076	12276056
.	9	3	7	16	23	28	34	38
.	9	68136	88817	240092	283316	516544	1268406	12276056
.	10	3	7	16	23	28	34	38
.	10	72085	92147	239606	283140	514407	1256741	12276056
.	11	3	7	16	23	28	34	38
.	11	75284	96092	245210	290422	525766	1275911	12276056
.	12	3	7	16	23	28	34	38
.	12	79475	104639	264718	316435	569720	1366092	12276056
.	13	3	7	16	23	28	34	38	41
.	13	82453	107158	269981	322464	577669	1338398	4070960	12276056
.	14	3	7	16	23	28	34	38	41
.	14	86037	109740	270213	322937	575620	1335266	4077034	12276056
.	15	3	7	16	23	28	34	38	41
.	15	89530	112676	271542	324614	574441	1334219	4089124	12276056
.	16	3	7	16	23	28	34	38	41
.	16	93145	118186	277325	332649	583435	1352709	4129779	12276056
.	17	3	7	16	23	28	34	38	41
.	17	96887	121707	281951	340129	593113	1366981	4171255	12276056
.	18	3	7	16	23	28	34	38	41
.	18	100755	126539	284395	344819	595752	1369728	4070995	12276056
.	19	3	7	16	23	28	34	38	41
.	19	104401	131285	289820	352658	603121	1380311	4101426	12276056
.	20	3	7	16	23	28	34	38	41
.	20	108226	136604	294222	360486	611634	1399768	4152960	12276056
.	21	3	7	16	23	28	34	38	41
.	21	112083	142001	293712	363898	611648	1399570	4186475	12276056
.	22	3	7	16	23	28	34	38	41
.	22	115957	147697	296276	370918	616010	1406938	4235934	12276056
.	23	3	7	16	23	28	34	38	41
.	23	119992	153450	299256	378213	621980	1418204	4246978	12276056
.	24	3	7	16	23	28	34	38	41
.	24	124214	160980	306152	390771	635191	1441765	4303028	12276056
.	25	3	7	16	23	28	34	38	41
.	25	128426	167843	311738	399203	640119	1447215	4322671	12276056
.	26	3	7	16	23	28	34	38	41
.	26	132858	175682	319145	414301	657131	1478843	4372945	12276056
.	27	3	7	16	23	28	34	38	41
.	27	137384	181932	319931	419375	661053	1494921	4426092	12276056
.	28	3	7	16	23	28	34	38	41
.	28	142239	191017	324750	432149	668430	1508907	4507863	12276056
.	29	3	7	16	23	28	34	38	41
.	29	147338	199696	329792	440525	677828	1524367	4545427	12276056
.	30	3	7	16	23	28	34	38	41
.	30	152422	208097	334417	449494	691101	1551012	4591258	12276056
.	31	3	7	16	23	28	34	38	41
.	31	157463	215919	338347	455936	699808	1569876	4651597	12276056
.	32	3	7	16	23	28	34	38	41
.	32	162765	225476	345058	467313	714789	1597207	4704474	12276056
.	33	3	7	16	23	28	34	38	41
.	33	168165	231889	349203	474496	727561	1630467	4774241	12276056
.	34	3	7	16	23	28	34	38	41
.	34	173516	241870	356953	486384	742835	1653946	4822028	12276056
.	35	3	7	16	23	28	34	38	41
.	35	179002	248049	361611	495320	755653	1681610	4904143	12276056
.	36	3	7	16	23	28	34	38	41
.	36	184185	254073	366502	505290	767356	1709416	4967106	12276056
.	37	3	7	16	23	28	34	38	41
.	37	189413	258681	372063	514705	781374	1741519	5063748	12276056
.	38	3	7	16	23	28	34	38	41
.	38	194742	267724	384897	536306	813742	1796727	5278167	12276056
.	39	3	7	16	23	28	34	38	41
.	39	200119	268896	383692	538891	817284	1810169	5352217	12276056
.	40	3	7	16	23	28	34	38	41
.	40	205285	276023	392201	551590	839455	1867905	5514701	12276056
.	41	3	7	16	23	28	34	38	41
.	41	210543	282510	402895	571880	869896	1936117	5706540	12276056
.	42	3	7	16	23	28	34	38	41
.	42	215781	287955	412402	588770	892434	1986546	5826594	12276056
.	43	3	7	16	23	28	34	38	41
.	43	220735	288879	409920	589795	897388	2004875	5908222	12276056
.	44	3	7	16	23	28	34	38	41
.	44	225594	294779	410553	597722	914973	2053043	6027040	12276056
.	45	3	7	16	23	28	34	38	41
.	45	230542	298892	413265	605331	927306	2083341	6159409	12276056
.	46	3	7	16	23	28	34	38	41
.	46	235443	304951	421361	619828	956246	2150697	6368576	12276056
.	47	3	7	16	23	28	34	38	41
.	47	240475	308387	424460	630876	970365	2194288	6503657	12276056
.	48	3	7	16	23	28	34	38	41
.	48	245415	315533	434313	642284	1000177	2282972	6653597	12276056
.	49	3	7	16	23	28	34	38	41
.	49	250574	318613	438062	649646	1011727	2317900	6769499	12276056
.	50	3	7	16	23	28	34	38	41
.	50	255582	324952	446902	668946	1039780	2394858	6932822	12276056
.	51	3	7	16	23	28	34	38	41
.	51	260551	329117	449022	673909	1055395	2438056	7097915	12276056
.	52	3	7	16	23	28	34	38	41
.	52	265475	334132	458698	693271	1088455	2531982	7328512	12276056
.	53	3	7	16	23	28	34	38	41
.	53	270363	342246	468705	711410	1118834	2613767	7543137	12276056
.	54	3	7	16	23	28	34	38	41
.	54	275329	347744	476290	700876	1150329	2685941	7766096	12276056
.	55	3	7	16	23	28	34	38	41
.	55	280262	354066	485919	716919	1186078	2793812	7946600	12276056
.	56	3	7	16	23	28	34	38	41
.	56	284983	358469	492238	725569	1205609	2871366	8180863	12276056
.	57	3	7	16	23	28	34	38	41
.	57	289841	361972	494505	727239	1215531	2908131	8376442	12276056
.	58	3	7	16	23	28	34	38	41
.	58	294481	367509	501858	717068	1239979	2979132	8558321	12276056
.	59	3	7	16	23	28	34	38	41
.	59	299237	373836	510119	731020	1272642	3085206	8758641	12276056
.	60	3	7	16	23	28	34	38	41
.	60	303971	378016	516090	742660	1293891	3140063	8985094	12276056
.	61	3	7	16	23	28	34	38	41
.	61	308486	387158	528987	761171	1325792	3221823	9179628	12276056
.	62	3	7	16	23	28	34	38	41
.	62	312928	390503	536221	773853	1352926	3321546	9365594	12276056
.	63	3	7	16	23	28	34	38	41
.	63	317368	393901	543206	787564	1385675	3431456	9583639	12276056
.	64	3	7	16	23	28	34	38	41
.	64	321606	397806	546612	795825	1405849	3515725	9746393	12276056
.	65	3	7	16	23	28	34	38	41
.	65	325934	402052	553802	803846	1419372	3589326	9924873	12276056
.	66	3	7	16	23	28	34	38	41
.	66	330222	405954	557801	807971	1439334	3690174	10132783	12276056
.	67	3	7	16	23	28	34	38	41
.	67	334680	411361	564227	812942	1450785	3756862	10350338	12276056
.	68	3	7	16	23	28	34	38	41
.	68	339498	417333	573837	829055	1481424	3859336	10546518	12276056
.	69	3	7	16	23	28	34	38	41
.	69	344455	423591	584130	841171	1503792	3958384	10729994	12276056
.	70	3	7	16	23	28	34	38	41
.	70	349706	428829	590748	851547	1524726	4044915	10901411	12276056
.	71	3	7	16	23	28	34	38	41
.	71	356115	434879	598685	862232	1542298	4115476	11038309	12276056
.	72	3	7	16	23	28	34	38	41
.	72	367827	450576	622538	902328	1612665	4308534	11173595	12276056
.	73	3	7	16	23	28	34	38	41
.	73	382318	469127	644719	925935	1641753	4385028	11291451	12276056
.	74	3	7	16	23	28	34	38	41
.	74	386798	475657	658330	949257	1685010	4495852	11395344	12276056
.	75	3	7	16	23	28	34	38	41
.	75	390539	482270	673513	988467	1747467	4632428	11502078	12276056
.	76	3	7	16	23	28	34	38	41
.	76	393993	482211	670460	972505	1736342	4733756	11625253	12276056
.	77	3	7	16	23	28	34	38	41
.	77	397275	486078	676527	974284	1742218	4792471	11856995	12276056
.	78	3	7	16	23	28	34	38	41
.	78	400453	476656	649261	923428	1634089	4539904	11962170	12276056
.	79	3	7	16	23	28	34	38	41
.	79	403475	477838	652097	922837	1621373	4477953	12098609	12276056
.	80	3	7	16	23	28	34	38	41
.	80	406574	482564	660661	935242	1639383	4519156	12147878	12276056
.	81	3	7	16	23	28	34	38	41
.	81	409592	487010	668305	945299	1642528	4530344	12183566	12276056
.	82	3	7	16	23	28	34	38	41
.	82	412585	491481	678961	959675	1664521	4569909	12210456	12276056
.	83	3	7	16	23	28	34	38	41
.	83	415566	493977	684806	967401	1688231	4657583	12230880	12276056
.	84	3	7	16	23	28	34	38	41
.	84	418408	499721	694156	980129	1703579	4711436	12245585	12276056
.	85	3	7	16	23	28	34	38	41
.	85	421300	488825	662720	923905	1603779	4546573	12255759	12276056
.	86	3	7	16	23	28	34	38	41
.	86	423922	490734	662617	914726	1572928	4431271	12262460	12276056
.	87	3	7	16	23	28	34	38	41
.	87	426702	490101	660489	906300	1556799	4382921	12267217	12276056
.	88	3	7	16	23	28	34	38	41
.	88	429595	494876	668061	914170	1559727	4377812	12270420	12276056
.	89	3	7	16	23	28	34	38	41
.	89	432599	497693	674010	925245	1583417	4430554	12272473	12276056
.	90	3	7	16	23	28	34	38	41
.	90	435559	500864	677130	923323	1589664	4471500	12273852	12276056
.	91	3	7	16	23	28	34	38	41
.	91	438517	504786	685632	935453	1604640	4492780	12274680	12276056
.	92	3	7	16	23	28	34	38	41
.	92	441520	507748	690270	936743	1606264	4510650	12275214	12276056
.	93	3	7	16	23	28	34	38	41
.	93	444431	510849	696429	943633	1609442	4540546	12275575	12276056
.	94	3	7	16	23	28	34	38	41
.	94	447368	515490	705319	953166	1629303	4564985	12275745	12276056
.	95	3	7	16	23	28	34	38	41
.	95	450519	517252	708855	953321	1624214	4557839	12275853	12276056
.	96	3	7	16	23	28	34	38	41
.	96	453451	519612	712002	957867	1628077	4566285	12275924	12276056
.	97	3	7	16	23	28	34	38	41
.	97	456465	522215	715142	965986	1636061	4612761	12275976	12276056
.	98	3	7	16	23	28	34	38	41
.	98	459526	528528	728264	980223	1656240	4654815	12276016	12276056
.	99	3	7	16	23	28	34	38	41
.	99	462637	527136	723173	969492	1638986	4613202	12276036	12276056
.	100	3	7	16	23	28	34	38	41
.	100	465918	533007	733335	981994	1651766	4640426	12276048	12276056
.	101	3	7	16	23	28	34	38
.	101	469494	546425	844806	1260943	2465576	8118350	12276056
.	102	3	7	16	23	28	34	38
.	102	471434	543337	784698	1105226	1986933	6513936	12276056
.	103	3	7	16	23	28	34	38
.	103	473573	545996	768432	1051238	1804544	5320775	12276056
.	104	3	7	16	23	28	34	38
.	104	476027	545910	758450	1025084	1720657	4879894	12276056
.	105	3	7	16	23	28	34	38
.	105	478728	546931	757959	1013568	1684543	4740086	12276056
.	106	3	7	16	23	28	34	38
.	106	481623	545319	752123	1000905	1662443	4669217	12276056
.	107	3	7	16	23	28	34	38
.	107	484634	546738	749659	994062	1652122	4586805	12276056
.	108	3	7	16	23	28	34	38
.	108	487729	550458	754085	1000282	1660306	4591893	12276056
.	109	3	7	16	23	28	34	38
.	109	490917	553465	758976	1003672	1668632	4623090	12276056
.	110	3	7	16	23	28	34	38
.	110	494249	554185	755665	996025	1651851	4597509	12276056
.	111	3	7	16	23	28	34	38
.	111	497594	558240	762082	1008896	1666361	4628734	12276056
.	112	3	7	16	23	28	34	38
.	112	501010	562985	768417	1017997	1680837	4657510	12276056
.	113	3	7	16	23	28	34	38
.	113	504491	567164	776017	1023397	1690165	4694914	12276056
.	114	3	7	16	23	28	34	38
.	114	508161	574211	792056	1040068	1708272	4682973	12276056
.	115	3	7	16	23	28	34	38
.	115	511755	575125	795250	1039944	1705065	4700366	12276056
.	116	3	7	16	23	28	34	38
.	116	515589	576910	793571	1036767	1701513	4684646	12276056
.	117	3	7	16	23	28	34	38
.	117	519390	579444	795136	1039459	1705880	4688697	12276056
.	118	3	7	16	23	28	34	38
.	118	523503	585811	807151	1064915	1742985	4742765	12276056
.	119	3	7	16	23	28	34	38
.	119	527700	591146	810496	1066258	1741656	4780656	12276056
.	120	3	7	16	23	28	34	38
.	120	531784	594453	813243	1075085	1755921	4772425	12276056
.	121	3	7	16	23	28	34	38
.	121	536055	595682	806691	1064794	1737824	4762592	12276056
.	122	3	7	16	23	28	34	38
.	122	540598	599725	808094	1063477	1729769	4763081	12276056
.	123	3	7	16	23	28	34	38
.	123	545216	602004	808017	1051720	1712113	4754900	12276056
.	124	3	7	16	23	28	34	38
.	124	550089	609348	823282	1065444	1746029	4821174	12276056
.	125	3	7	16	23	28	34	38
.	125	555277	610851	817678	1062919	1728847	4812515	12276056
.	126	3	7	16	23	28	34	38
.	126	560537	617582	824748	1070166	1742380	4807893	12276056
.	127	3	7	16	23	28	34	38
.	127	566040	621672	828072	1077139	1742250	4817660	12276056
.	128	3	7	16	23	28	34	38
.	128	571855	625064	824543	1071466	1732975	4804437	12276056
.	129	3	7	16	23	28	34	38
.	129	577953	631583	831500	1077882	1742452	4808132	12276056
.	130	3	7	16	23	28	34	38
.	130	584747	637901	841387	1088059	1753459	4870213	12276056
.	131	3	7	16	23	28	34	38
.	131	591795	643518	843680	1083830	1753007	4841929	12276056
.	132	3	7	16	23	28	34	38
.	132	599035	650440	850286	1086651	1755111	4850852	12276056
.	133	3	7	16	23	28	34	38
.	133	606956	657083	853067	1087375	1749656	4849813	12276056
.	134	3	7	16	23	28	34	38
.	134	615595	665968	861100	1092906	1753675	4878235	12276056
.	135	3	7	16	23	28	34	38
.	135	624665	672403	866385	1096014	1754784	4884137	12276056
.	136	3	7	16	23	28	34	38
.	136	634651	687158	885435	1117752	1779229	4920892	12276056
.	137	3	7	16	23	28	34	38
.	137	645788	693092	889936	1120435	1780995	4924913	12276056
.	138	3	7	16	23	28	34	38
.	138	657876	703415	895305	1122961	1791266	4941169	12276056
.	139	3	7	16	23	28	34	38
.	139	671710	716177	904950	1132054	1799766	4947209	12276056
.	140	3	7	16	23	28	34	38
.	140	686261	728225	910312	1140799	1797594	4944834	12276056
.	141	3	7	16	23	28	34	38
.	141	703039	741955	918815	1147882	1803159	4951556	12276056
.	142	3	7	16	23	28	34	38
.	142	722032	759673	934494	1164650	1816745	4979151	12276056
.	143	3	7	16	23	28	34	38
.	143	743600	778817	950623	1186208	1840132	5030575	12276056
.	144	3	7	16	23	28	34	38
.	144	767497	796688	963306	1196588	1845323	5045685	12276056
.	145	3	7	16	23	28	34	38
.	145	794853	818687	981024	1210533	1856776	5078741	12276056
.	146	3	7	16	23	28	34	38
.	146	825289	840781	993893	1218497	1858950	5084172	12276056
.	147	3	7	16	23	28	34	38
.	147	858156	865139	1013326	1231645	1871879	5117312	12276056
.	148	3	7	16	23	28	34	38
.	148	890409	890499	1035164	1259186	1894504	5168239	12276056
.	149	3	16	23	28	34	38
.	149	927397	1223481	1574245	2587771	7191649	12276056
A	0	3	7	16	23	28	34
A	0	3892	4892	41319	49266	210611	1713861
A	1	3	7	16	23	28	34
A	1	5337	6504	37189	51124	201672	2530089
A	2	3	7	16	23	28	34
A	2	5791	8129	173729	238346	514499	2903794
A	3	3	7	16	23	28	34	38
A	3	7923	10618	202393	228558	424032	867698	3763925
A	4	3	7	16	23	28	34	38
A	4	9287	10409	73479	81285	191186	561718	3396441
A	5	3	7	16	23	28	34	38
A	5	13656	19868	74690	89538	179618	512306	4073547
A	6	3	7	16	23	28	34	38
A	6	10377	14757	50140	59045	110742	279464	2344753
A	7	3	7	16	23	28	34	38
A	7	12546	17280	55109	64895	120197	299328	2721884
A	8	3	7	16	23	28	34	38
A	8	12880	17022	51818	60895	110851	270851	2617045
A	9	3	7	16	23	28	34	38
A	9	18953	24359	69646	81706	150967	381101	3921067
A	10	3	7	16	23	28	34	38
A	10	16475	20637	57633	67533	123625	302751	3044642
A	11	3	7	16	23	28	34	38
A	11	15644	19649	53357	62834	114239	275108	2702685
A	12	3	7	16	23	28	34	38
A	12	19780	25276	66544	79176	143711	344397	3220185
A	13	3	7	16	23	28	34	38	41
A	13	19905	25130	66160	78095	141298	325904	997064	3115354
A	14	3	7	16	23	28	34	38	41
A	14	20882	26620	66960	79597	142448	329002	999207	3107693
A	15	3	7	16	23	28	34	38	41
A	15	20556	25818	65069	77123	137482	316502	963268	2999993
A	16	3	7	16	23	28	34	38	41
A	16	22694	28343	69677	82827	146707	338978	1041876	3212182
A	17	3	7	16	23	28	34	38	41
A	17	23352	29301	71434	85659	151046	346778	1059931	3235085
A	18	3	7	16	23	28	34	38	41
A	18	24258	29811	71343	85497	149488	343856	1021363	3212536
A	19	3	7	16	23	28	34	38	41
A	19	25573	32132	72995	87943	150959	343252	1018300	3142259
A	20	3	7	16	23	28	34	38	41
A	20	26685	33545	76009	92407	159238	366096	1093664	3356559
A	21	3	7	16	23	28	34	38	41
A	21	26455	33304	71519	88154	149041	341026	1021833	3102386
A	22	3	7	16	23	28	34	38	41
A	22	27504	34727	71846	89646	149283	342146	1033483	3141516
A	23	3	7	16	23	28	34	38	41
A	23	28557	36469	74311	93306	155324	354548	1061725	3223937
A	24	3	7	16	23	28	34	38	41
A	24	29980	39002	77666	98608	162559	369132	1107388	3294481
A	25	3	7	16	23	28	34	38	41
A	25	29791	39597	75408	96390	155997	352310	1050740	3057312
A	26	3	7	16	23	28	34	38	41
A	26	32016	43144	79720	102966	164237	369552	1095584	3183333
A	27	3	7	16	23	28	34	38	41
A	27	33225	44866	79167	103400	164804	374928	1122626	3219669
A	28	3	7	16	23	28	34	38	41
A	28	36655	50068	86107	114514	178167	399107	1186237	3333285
A	29	3	7	16	23	28	34	38	41
A	29	36245	49880	82533	110151	168945	379975	1156569	3138845
A	30	3	7	16	23	28	34	38	41
A	30	38282	53328	85948	115075	177845	398625	1187813	3337489
A	31	3	7	16	23	28	34	38	41
A	31	40182	56068	87324	116257	178453	401150	1198284	3305117
A	32	3	7	16	23	28	34	38	41
A	32	38804	54890	83620	112100	172558	385394	1136662	3057116
A	33	3	7	16	23	28	34	38	41
A	33	39111	55466	82187	110898	170535	382272	1119320	2985084
A	34	3	7	16	23	28	34	38	41
A	34	43339	62287	91352	123656	190854	425339	1256053	3310144
A	35	3	7	16	23	28	34	38	41
A	35	42619	60560	86981	118086	181626	407344	1194830	3074612
A	36	3	7	16	23	28	34	38	41
A	36	43904	61913	88247	120855	185790	415558	1219077	3069208
A	37	3	7	16	23	28	34	38	41
A	37	44532	62330	88297	120653	183357	407790	1181565	2967833
A	38	3	7	16	23	28	34	38	41
A	38	48406	67888	96064	131953	202885	446840	1378538	3180065
A	39	3	7	16	23	28	34	38	41
A	39	49341	68053	95752	132087	201358	454339	1330367	3228063
A	40	3	7	16	23	28	34	38	41
A	40	48454	67331	93983	130044	199592	441714	1330219	3004997
A	41	3	7	16	23	28	34	38	41
A	41	48629	67344	94725	132027	200981	440271	1287311	3023173
A	42	3	7	16	23	28	34	38	41
A	42	51466	70913	100824	141588	216445	480022	1419962	3140628
A	43	3	7	16	23	28	34	38	41
A	43	54298	72629	101382	143042	218331	481729	1453696	3116703
A	44	3	7	16	23	28	34	38	41
A	44	56627	74556	102000	145672	227073	520181	1578080	3173290
A	45	3	7	16	23	28	34	38	41
A	45	56534	75346	104060	149106	231081	526649	1573360	3231402
A	46	3	7	16	23	28	34	38	41
A	46	58948	79180	109129	158122	244225	552423	1628334	3339122
A	47	3	7	16	23	28	34	38	41
A	47	57225	75279	103058	149701	232608	527176	1556882	3111382
A	48	3	7	16	23	28	34	38	41
A	48	61056	80059	110064	160147	249775	576685	1713155	3283409
A	49	3	7	16	23	28	34	38	41
A	49	62229	80489	110102	158790	247100	574752	1708390	3269526
A	50	3	7	16	23	28	34	38	41
A	50	60831	79012	107389	156277	246268	565527	1672527	3132824
A	51	3	7	16	23	28	34	38	41
A	51	60847	78729	106803	155874	247405	573272	1745739	3084625
A	52	3	7	16	23	28	34	38	41
A	52	62446	80180	109262	161008	254154	586561	1774990	3079104
A	53	3	7	16	23	28	34	38	41
A	53	67098	85916	115535	169153	268343	628794	1877396	3113198
A	54	3	7	16	23	28	34	38	41
A	54	68025	87525	118598	169662	279855	667065	1948590	3213837
A	55	3	7	16	23	28	34	38	41
A	55	64929	83291	112291	159619	266900	633729	1844140	3044450
A	56	3	7	16	23	28	34	38	41
A	56	67642	86863	118277	169287	283982	678552	1995875	3224421
A	57	3	7	16	23	28	34	38	41
A	57	69027	87655	118028	168052	283396	676697	1945484	3043314
A	58	3	7	16	23	28	34	38	41
A	58	68254	86516	116390	161712	281776	681279	1967832	2946987
A	59	3	7	16	23	28	34	38	41
A	59	70307	89656	121209	168184	295736	714377	2056561	2981586
A	60	3	7	16	23	28	34	38	41
A	60	69595	87874	118713	164563	289752	714122	2027031	2899784
A	61	3	7	16	23	28	34	38	41
A	61	73627	93972	127027	176563	311314	770804	2261511	3106377
A	62	3	7	16	23	28	34	38	41
A	62	73645	94498	129070	182193	319054	791065	2281290	3145331
A	63	3	7	16	23	28	34	38	41
A	63	81125	102654	140961	201002	352604	871320	2470999	3321173
A	64	3	7	16	23	28	34	38	41
A	64	77858	97358	131460	184177	329499	845446	2436020	3159570
A	65	3	7	16	23	28	34	38	41
A	65	78295	97962	132711	186087	333384	860806	2472646	3104233
A	66	3	7	16	23	28	34	38	41
A	66	78500	97883	132971	187119	337700	880597	2495363	3087433
A	67	3	7	16	23	28	34	38	41
A	67	81191	101385	136987	190394	342663	904977	2548900	3113172
A	68	3	7	16	23	28	34	38	41
A	68	83368	103215	139827	194876	352042	933708	2612709	3126437
A	69	3	7	16	23	28	34	38	41
A	69	85881	106505	144775	204065	367343	978147	2709377	3186269
A	70	3	7	16	23	28	34	38	41
A	70	88754	109701	149606	207945	374125	1010514	2750723	3269329
A	71	3	7	16	23	28	34	38	41
A	71	92352	113735	154631	215537	387179	1056579	2859448	3291656
A	72	3	7	16	23	28	34	38	41
A	72	95010	115924	155167	211739	369005	997915	2666117	2917448
A	73	3	7	16	23	28	34	38	41
A	73	107080	131167	173234	232408	400667	1066487	2831956	3129157
A	74	3	7	16	23	28	34	38	41
A	74	107578	130990	175572	239559	420065	1154983	2999885	3246376
A	75	3	7	16	23	28	34	38	41
A	75	104302	126731	169864	232737	408660	1124889	2899426	3130351
A	76	3	7	16	23	28	34	38	41
A	76	102525	125393	171370	242468	425565	1145266	2862345	3015475
A	77	3	7	16	23	28	34	38	41
A	77	106491	129505	175871	242382	425809	1205832	3038817	3193613
A	78	3	7	16	23	28	34	38	41
A	78	107069	126799	168364	229177	404062	1139824	3199616	3313589
A	79	3	7	16	23	28	34	38	41
A	79	102527	120950	161071	218485	380957	1069474	2947371	3005745
A	80	3	7	16	23	28	34	38	41
A	80	102009	121048	161730	221563	387328	1098411	2984751	3024448
A	81	3	7	16	23	28	34	38	41
A	81	106207	126165	168847	230435	403409	1137391	3197737	3226357
A	82	3	7	16	23	28	34	38	41
A	82	107966	128623	176425	244314	420080	1176684	3212267	3232573
A	83	3	7	16	23	28	34	38	41
A	83	107176	127641	173052	233540	406873	1153847	3143080	3157017
A	84	3	7	16	23	28	34	38	41
A	84	108449	129584	177074	240930	419622	1190982	3247104	3256694
A	85	3	7	16	23	28	34	38	41
A	85	106883	124671	166783	220140	389006	1128275	3196005	3202875
A	86	3	7	16	23	28	34	38	41
A	86	114089	133036	178206	241390	418423	1213338	3437265	3441849
A	87	3	7	16	23	28	34	38	41
A	87	105268	121621	162165	216544	375583	1078938	3098662	3101609
A	88	3	7	16	23	28	34	38	41
A	88	107797	125102	166815	222066	383979	1096859	3139046	3140969
A	89	3	7	16	23	28	34	38	41
A	89	110059	127169	169998	223712	386236	1108418	3163509	3164707
A	90	3	7	16	23	28	34	38	41
A	90	110367	127759	170903	226412	393445	1139186	3217830	3218634
A	91	3	7	16	23	28	34	38	41
A	91	110491	127481	171192	224459	386045	1110095	3101851	3102368
A	92	3	7	16	23	28	34	38	41
A	92	111974	129190	173051	228078	395564	1131103	3165393	3165722
A	93	3	7	16	23	28	34	38	41
A	93	114561	132751	179536	240669	412125	1174895	3191341	3191523
A	94	3	7	16	23	28	34	38	41
A	94	113026	131043	176980	230723	398248	1144551	3155909	3156031
A	95	3	7	16	23	28	34	38	41
A	95	112812	130149	175548	228868	390616	1116310	3059872	3059952
A	96	3	7	16	23	28	34	38	41
A	96	111882	128905	174107	226438	386214	1107285	3004678	3004729
A	97	3	7	16	23	28	34	38	41
A	97	120747	138329	186931	247495	418856	1214731	3292545	3292575
A	98	3	7	16	23	28	34	38	41
A	98	112947	129972	175614	228048	384912	1095870	2977390	2977409
A	99	3	7	16	23	28	34	38	41
A	99	118026	134953	182357	236396	403546	1162048	3163160	3163168
A	100	3	7	16	23	28	34	38	41
A	100	114943	132017	180113	232019	391894	1135393	3057340	3057343
A	101	3	7	16	23	28	34	38
A	101	118299	136763	207311	290447	561842	1920321	3084939
A	102	3	7	16	23	28	34	38
A	102	119312	137394	195718	261108	476494	1619868	3134477
A	103	3	7	16	23	28	34	38
A	103	122043	140927	195982	263161	448470	1338756	3104805
A	104	3	7	16	23	28	34	38
A	104	119630	136718	186732	241798	407688	1182373	3038492
A	105	3	7	16	23	28	34	38
A	105	122577	140494	191761	248612	412464	1180891	3111438
A	106	3	7	16	23	28	34	38
A	106	119726	135405	183136	234179	388006	1107050	3008971
A	107	3	7	16	23	28	34	38
A	107	126438	142726	193138	248789	421350	1204071	3298097
A	108	3	7	16	23	28	34	38
A	108	128015	143446	191977	242431	402211	1142318	3180463
A	109	3	7	16	23	28	34	38
A	109	124599	140231	188354	238721	397968	1135139	3131468
A	110	3	7	16	23	28	34	38
A	110	124046	138588	185691	232906	389026	1113021	3086518
A	111	3	7	16	23	28	34	38
A	111	131549	147217	198139	250855	416641	1195239	3250984
A	112	3	7	16	23	28	34	38
A	112	126188	141831	191311	246373	405589	1152632	3110258
A	113	3	7	16	23	28	34	38
A	113	135346	151861	203957	259764	428518	1222696	3271522
A	114	3	7	16	23	28	34	38
A	114	131731	148505	198193	250633	417396	1177919	3204393
A	115	3	7	16	23	28	34	38
A	115	131771	148388	202302	257048	421114	1182482	3202301
A	116	3	7	16	23	28	34	38
A	116	128807	143707	194664	244582	403001	1133810	3071834
A	117	3	7	16	23	28	34	38
A	117	126993	141929	192610	243605	402313	1131892	3051434
A	118	3	7	16	23	28	34	38
A	118	129233	144324	194514	244826	404509	1143538	3049973
A	119	3	7	16	23	28	34	38
A	119	130160	145913	196916	247811	408201	1147091	3069482
A	120	3	7	16	23	28	34	38
A	120	136756	153291	206467	267611	437991	1221615	3232064
A	121	3	7	16	23	28	34	38
A	121	133512	147980	196700	248213	408120	1163358	3103994
A	122	3	7	16	23	28	34	38
A	122	142655	158184	209352	272397	443778	1243168	3271186
A	123	3	7	16	23	28	34	38
A	123	137006	151480	201280	253257	417564	1191143	3179213
A	124	3	7	16	23	28	34	38
A	124	137258	151954	201025	254223	416593	1159842	3049026
A	125	3	7	16	23	28	34	38
A	125	140301	154626	203950	259551	422041	1183986	3052397
A	126	3	7	16	23	28	34	38
A	126	141332	156178	206724	262624	427511	1203471	3160090
A	127	3	7	16	23	28	34	38
A	127	141614	155779	204647	259384	421176	1191359	3099671
A	128	3	7	16	23	28	34	38
A	128	151680	166135	217126	279391	454616	1291131	3354963
A	129	3	7	16	23	28	34	38
A	129	147973	161678	210075	263639	429870	1213138	3232535
A	130	3	7	16	23	28	34	38
A	130	149456	162791	211260	261946	427156	1223350	3194400
A	131	3	7	16	23	28	34	38
A	131	158187	171762	222643	278648	455995	1287448	3349254
A	132	3	7	16	23	28	34	38
A	132	151592	164523	212786	262509	427342	1204927	3200219
A	133	3	7	16	23	28	34	38
A	133	150427	162931	208206	259611	416620	1181123	3058707
A	134	3	7	16	23	28	34	38
A	134	153118	166045	212758	262100	423800	1212410	3137225
A	135	3	7	16	23	28	34	38
A	135	158178	170279	217450	265182	428503	1236702	3207273
A	136	3	7	16	23	28	34	38
A	136	158763	171640	217857	267147	427024	1207785	3119777
A	137	3	7	16	23	28	34	38
A	137	170688	183230	233470	283673	455444	1293667	3341870
A	138	3	7	16	23	28	34	38
A	138	167287	179222	226037	276322	443594	1250971	3207227
A	139	3	7	16	23	28	34	38
A	139	171287	183259	230475	282743	450821	1264865	3208621
A	140	3	7	16	23	28	34	38
A	140	174629	185291	229742	281137	443388	1255106	3175568
A	141	3	7	16	23	28	34	38
A	141	175608	185721	228909	281428	439567	1240866	3118136
A	142	3	7	16	23	28	34	38
A	142	182460	192164	234745	285428	444680	1267532	3208415
A	143	3	7	16	23	28	34	38
A	143	194059	203557	247447	304415	473631	1336420	3331959
A	144	3	7	16	23	28	34	38
A	144	195667	203388	245602	295376	459251	1308885	3283721
A	145	3	7	16	23	28	34	38
A	145	198102	204381	245315	297944	460328	1279753	3154587
A	146	3	7	16	23	28	34	38
A	146	208430	212603	250729	300552	459636	1307415	3261343
A	147	3	7	16	23	28	34	38
A	147	220904	222757	259692	307396	469088	1340728	3323737
A	148	3	7	16	23	28	34	38
A	148	230161	230188	267154	321065	486061	1369123	3341046
A	149	3	16	23	28	34	38
A	149	248176	322994	407658	672949	1963959	3359266
T	0	3	7	16	23	28	34
T	0	3993	4977	37541	45416	197722	1483787
T	1	3	7	16	23	28	34
T	1	14307	16048	88435	106496	440490	4883999
T	2	3	7	16	23	28	34
T	2	10423	14151	501317	568517	972192	3115857
T	3	3	7	16	23	28	34	38
T	3	8168	11216	358800	366552	570439	911183	2624857
T	4	3	7	16	23	28	34	38
T	4	8775	9595	81722	87477	202031	570166	3013402
T	5	3	7	16	23	28	34	38
T	5	10322	14171	59094	68042	139131	399379	2816301
T	6	3	7	16	23	28	34	38
T	6	16381	20989	84743	94995	189298	534552	4357952
T	7	3	7	16	23	28	34	38
T	7	13999	18039	66288	74516	143906	385277	3232625
T	8	3	7	16	23	28	34	38
T	8	16709	20574	69025	77553	147403	389679	3633405
T	9	3	7	16	23	28	34	38
T	9	14996	18326	58480	65945	124649	317249	2908783
T	10	3	7	16	23	28	34	38
T	10	14572	17674	54022	60809	113896	287082	2647201
T	11	3	7	16	23	28	34	38
T	11	17655	20963	62358	70166	131969	338919	3150073
T	12	3	7	16	23	28	34	38
T	12	19330	24221	71801	82011	153773	396281	3427259
T	13	3	7	16	23	28	34	38	41
T	13	19937	24856	70539	81049	149893	370213	1184492	3231199
T	14	3	7	16	23	28	34	38	41
T	14	20631	24647	69903	80139	148271	364738	1194287	3219935
T	15	3	7	16	23	28	34	38	41
T	15	21099	25031	68469	78365	143779	354468	1158816	3167751
T	16	3	7	16	23	28	34	38	41
T	16	22176	27161	71634	82633	148973	364117	1176168	3169858
T	17	3	7	16	23	28	34	38	41
T	17	23606	28117	72409	83785	150554	368467	1198953	3197303
T	18	3	7	16	23	28	34	38	41
T	18	23589	28278	71343	83476	149179	363744	1124526	3154588
T	19	3	7	16	23	28	34	38	41
T	19	24697	29530	73043	85928	151559	367276	1136913	3146826
T	20	3	7	16	23	28	34	38	41
T	20	24740	30469	73126	87050	151028	362415	1104699	3013761
T	21	3	7	16	23	28	34	38	41
T	21	27087	32745	75241	90234	155959	376374	1162814	3197987
T	22	3	7	16	23	28	34	38	41
T	22	27096	33046	74698	90499	155359	375139	1181945	3162725
T	23	3	7	16	23	28	34	38	41
T	23	27804	34424	73356	90644	151823	363868	1129052	3004901
T	24	3	7	16	23	28	34	38	41
T	24	29389	36974	76867	95671	159200	381318	1180188	3109298
T	25	3	7	16	23	28	34	38	41
T	25	30797	39151	79176	100004	162995	388110	1195916	3212336
T	26	3	7	16	23	28	34	38	41
T	26	30929	39710	79304	101269	163771	388752	1185248	3103517
T	27	3	7	16	23	28	34	38	41
T	27	32055	41846	80641	104144	166803	396818	1205647	3135161
T	28	3	7	16	23	28	34	38	41
T	28	32116	42622	79982	106319	165338	393555	1221925	3113712
T	29	3	7	16	23	28	34	38	41
T	29	34804	46431	83680	111025	174313	412421	1249401	3280050
T	30	3	7	16	23	28	34	38	41
T	30	34683	47396	81891	109783	170695	402411	1204724	3039324
T	31	3	7	16	23	28	34	38	41
T	31	35096	48235	81091	109667	169893	400256	1184495	2972596
T	32	3	7	16	23	28	34	38	41
T	32	37949	52821	86621	117268	180598	417098	1243696	3125192
T	33	3	7	16	23	28	34	38	41
T	33	39966	55324	90537	123208	191967	448474	1337054	3313887
T	34	3	7	16	23	28	34	38	41
T	34	38318	54178	85619	117043	179888	416753	1234400	3026728
T	35	3	7	16	23	28	34	38	41
T	35	43072	60447	94613	130681	202449	467998	1392049	3394750
T	36	3	7	16	23	28	34	38	41
T	36	42329	59139	90786	126273	193550	445012	1300271	3212676
T	37	3	7	16	23	28	34	38	41
T	37	46188	64075	98633	138001	212194	492901	1458759	3472702
T	38	3	7	16	23	28	34	38	41
T	38	47393	65954	100659	143096	218636	496460	1431039	3292643
T	39	3	7	16	23	28	34	38	41
T	39	47846	64758	97393	139015	214584	481414	1425113	3228950
T	40	3	7	16	23	28	34	38	41
T	40	50150	68185	101532	144282	221360	500440	1487752	3307251
T	41	3	7	16	23	28	34	38	41
T	41	50131	68186	103664	148891	229009	522629	1524735	3299400
T	42	3	7	16	23	28	34	38	41
T	42	53623	72449	109738	160095	243418	550913	1605361	3383536
T	43	3	7	16	23	28	34	38	41
T	43	54379	72054	107767	157776	243432	550961	1623849	3438395
T	44	3	7	16	23	28	34	38	41
T	44	52519	69769	104208	154386	235461	535594	1549281	3257440
T	45	3	7	16	23	28	34	38	41
T	45	54021	70484	102916	153410	234926	536038	1584571	3141503
T	46	3	7	16	23	28	34	38	41
T	46	56359	73741	107258	160515	251343	569842	1697459	3219681
T	47	3	7	16	23	28	34	38	41
T	47	56589	73728	107215	164606	253063	575082	1673551	3174620
T	48	3	7	16	23	28	34	38	41
T	48	58511	76981	112625	169196	266589	615531	1721625	3293328
T	49	3	7	16	23	28	34	38	41
T	49	59826	77290	112196	169738	267988	601759	1732313	3146645
T	50	3	7	16	23	28	34	38	41
T	50	61351	79910	117059	181345	281371	649376	1780500	3218814
T	51	3	7	16	23	28	34	38	41
T	51	62150	79544	113581	173535	272990	624767	1752110	3178573
T	52	3	7	16	23	28	34	38	41
T	52	68835	87262	126291	196179	310031	736160	2061812	3416731
T	53	3	7	16	23	28	34	38	41
T	53	65241	84500	122566	193346	303821	708450	1933292	3215752
T	54	3	7	16	23	28	34	38	41
T	54	65484	83649	120215	181173	304368	693894	1884942	3086822
T	55	3	7	16	23	28	34	38	41
T	55	71086	90719	131056	197811	334800	778823	2098815	3264964
T	56	3	7	16	23	28	34	38	41
T	56	72809	93231	134906	202070	346139	819427	2232997	3318620
T	57	3	7	16	23	28	34	38	41
T	57	68466	86449	123564	183188	314450	735295	2050255	3118891
T	58	3	7	16	23	28	34	38	41
T	58	73050	92950	134271	196553	342451	800098	2213116	3357539
T	59	3	7	16	23	28	34	38	41
T	59	69636	88525	128285	189297	336211	793873	2143687	3075793
T	60	3	7	16	23	28	34	38	41
T	60	71110	90103	129831	191534	338271	808804	2243023	3164499
T	61	3	7	16	23	28	34	38	41
T	61	69793	89592	128883	189050	335896	785662	2130373	2977142
T	62	3	7	16	23	28	34	38	41
T	62	73401	92950	135158	196064	353141	856959	2389170	3137573
T	63	3	7	16	23	28	34	38	41
T	63	73089	92599	134366	195909	353675	861609	2361734	3088384
T	64	3	7	16	23	28	34	38	41
T	64	77412	98075	143288	212791	382336	928958	2483085	3191670
T	65	3	7	16	23	28	34	38	41
T	65	74231	93310	136366	200327	359753	877132	2381296	3023441
T	66	3	7	16	23	28	34	38	41
T	66	77740	97354	141314	206002	376674	936682	2542829	3192303
T	67	3	7	16	23	28	34	38	41
T	67	77281	96877	140574	203134	374534	945004	2597540	3102177
T	68	3	7	16	23	28	34	38	41
T	68	77223	97366	142433	208726	384018	968870	2608961	3065060
T	69	3	7	16	23	28	34	38	41
T	69	76958	97261	144011	208420	384428	974769	2613480	3052138
T	70	3	7	16	23	28	34	38	41
T	70	78219	98088	143945	205866	382468	989325	2653652	2988609
T	71	3	7	16	23	28	34	38	41
T	71	80144	100021	146891	209516	389836	1009912	2685325	3035290
T	72	3	7	16	23	28	34	38	41
T	72	84929	106490	156662	227103	423370	1111521	2899926	3288446
T	73	3	7	16	23	28	34	38	41
T	73	85769	107182	157276	224906	417957	1103658	2885655	3187051
T	74	3	7	16	23	28	34	38	41
T	74	85665	107859	158995	226244	415440	1088977	2788861	3024388
T	75	3	7	16	23	28	34	38	41
T	75	90835	115775	174404	259305	469165	1209162	2997377	3203511
T	76	3	7	16	23	28	34	38	41
T	76	91520	114491	169108	239072	448734	1184449	2943362	3212319
T	77	3	7	16	23	28	34	38	41
T	77	89428	112459	168178	238467	454789	1223814	2988112	3097592
T	78	3	7	16	23	28	34	38	41
T	78	89798	108428	156910	216437	400228	1101364	2912037	3012385
T	79	3	7	16	23	28	34	38	41
T	79	93820	113344	165296	231778	434539	1197221	3221293	3279383
T	80	3	7	16	23	28	34	38	41
T	80	93956	113252	165766	230728	430000	1189027	3169143	3213441
T	81	3	7	16	23	28	34	38	41
T	81	95994	116420	173372	242470	439909	1209141	3184672	3217282
T	82	3	7	16	23	28	34	38	41
T	82	95398	115604	169904	234815	430513	1171254	3121747	3145565
T	83	3	7	16	23	28	34	38	41
T	83	100581	121670	180382	256764	472763	1293249	3311100	3328154
T	84	3	7	16	23	28	34	38	41
T	84	94850	114917	171173	236183	433619	1188256	3070858	3082438
T	85	3	7	16	23	28	34	38	41
T	85	100221	116730	166453	227811	416331	1190591	3200635	3208371
T	86	3	7	16	23	28	34	38	41
T	86	100680	117113	166516	222909	406612	1168302	3229605	3234880
T	87	3	7	16	23	28	34	38	41
T	87	105185	121452	172929	232621	424946	1219853	3400794	3404455
T	88	3	7	16	23	28	34	38	41
T	88	106315	122817	175875	234904	423815	1209955	3381627	3383944
T	89	3	7	16	23	28	34	38	41
T	89	105417	121545	173222	231888	420887	1189147	3285331	3286853
T	90	3	7	16	23	28	34	38	41
T	90	101636	117224	167313	220773	404339	1145109	3085243	3086170
T	91	3	7	16	23	28	34	38	41
T	91	111745	129341	185161	245423	457196	1306245	3562255	3562841
T	92	3	7	16	23	28	34	38	41
T	92	106332	122797	176393	231741	423352	1205343	3248321	3248695
T	93	3	7	16	23	28	34	38	41
T	93	106564	122802	176912	229401	417500	1198027	3165918	3166144
T	94	3	7	16	23	28	34	38	41
T	94	108127	125295	182617	237993	440589	1256623	3320438	3320588
T	95	3	7	16	23	28	34	38	41
T	95	112088	129236	189008	244858	449940	1289778	3445749	3445844
T	96	3	7	16	23	28	34	38	41
T	96	109044	125455	183724	235554	432912	1228475	3310232	3310289
T	97	3	7	16	23	28	34	38	41
T	97	109697	125808	183703	235092	429385	1237973	3232312	3232349
T	98	3	7	16	23	28	34	38	41
T	98	115548	133573	197336	255727	469855	1375921	3548980	3548999
T	99	3	7	16	23	28	34	38	41
T	99	111201	127097	185445	236525	429286	1232859	3237215	3237223
T	100	3	7	16	23	28	34	38	41
T	100	116057	133573	195182	254053	455617	1296776	3334883	3334887
T	101	3	7	16	23	28	34	38
T	101	111279	127558	206113	271977	597474	2104988	3214631
T	102	3	7	16	23	28	34	38
T	102	111604	127974	194025	251322	487729	1670115	3169799
T	103	3	7	16	23	28	34	38
T	103	114830	132436	198437	254637	470944	1447031	3311444
T	104	3	7	16	23	28	34	38
T	104	114660	131695	194775	249615	441777	1283446	3173358
T	105	3	7	16	23	28	34	38
T	105	114472	130589	193856	246119	435795	1278609	3285296
T	106	3	7	16	23	28	34	38
T	106	123701	140442	206742	263943	468662	1379449	3519790
T	107	3	7	16	23	28	34	38
T	107	117118	132191	193028	241404	423119	1198820	3142090
T	108	3	7	16	23	28	34	38
T	108	114199	129597	190330	244922	427615	1198586	3119813
T	109	3	7	16	23	28	34	38
T	109	117162	132359	195215	246114	431677	1217080	3116773
T	110	3	7	16	23	28	34	38
T	110	115184	129851	189297	237237	418412	1197147	3116783
T	111	3	7	16	23	28	34	38
T	111	110920	124739	181974	226123	393929	1109091	2870775
T	112	3	7	16	23	28	34	38
T	112	112796	127123	185352	231845	405826	1151990	2974627
T	113	3	7	16	23	28	34	38
T	113	120424	135915	199236	247978	438578	1261359	3216102
T	114	3	7	16	23	28	34	38
T	114	118986	135418	206552	253803	435153	1209772	3074800
T	115	3	7	16	23	28	34	38
T	115	118254	133465	198862	244468	424626	1201708	3045862
T	116	3	7	16	23	28	34	38
T	116	120144	134815	198294	242750	423869	1194606	3110588
T	117	3	7	16	23	28	34	38
T	117	120122	134245	197340	240686	419213	1179270	3005135
T	118	3	7	16	23	28	34	38
T	118	125051	140847	212615	271026	463934	1260129	3169928
T	119	3	7	16	23	28	34	38
T	119	127051	142356	208989	261089	446402	1274350	3195712
T	120	3	7	16	23	28	34	38
T	120	120641	135976	201108	253679	438612	1193099	3021109
T	121	3	7	16	23	28	34	38
T	121	127190	142452	207571	260345	447214	1251230	3195406
T	122	3	7	16	23	28	34	38
T	122	122881	137259	199448	247437	422105	1184197	2999483
T	123	3	7	16	23	28	34	38
T	123	125285	139117	199583	243228	421198	1196129	3050776
T	124	3	7	16	23	28	34	38
T	124	129871	145645	215307	262371	459963	1298363	3149008
T	125	3	7	16	23	28	34	38
T	125	126114	139344	197806	241569	415400	1170912	2998002
T	126	3	7	16	23	28	34	38
T	126	126650	140519	200749	246443	423798	1187064	2978939
T	127	3	7	16	23	28	34	38
T	127	135167	149544	214290	265584	452280	1289590	3237448
T	128	3	7	16	23	28	34	38
T	128	129658	142554	200260	244348	416091	1171920	2961474
T	129	3	7	16	23	28	34	38
T	129	131667	144941	203936	247908	425111	1202455	3010567
T	130	3	7	16	23	28	34	38
T	130	138046	151912	216758	269015	455355	1315895	3243930
T	131	3	7	16	23	28	34	38
T	131	136022	149410	209457	254011	433917	1223914	3072636
T	132	3	7	16	23	28	34	38
T	132	142168	155611	218517	265539	452722	1286027	3129122
T	133	3	7	16	23	28	34	38
T	133	141812	154652	215052	260671	442854	1253793	3158944
T	134	3	7	16	23	28	34	38
T	134	145664	158632	219935	265278	451969	1288297	3204235
T	135	3	7	16	23	28	34	38
T	135	140374	152334	209492	254856	427541	1211193	2976750
T	136	3	7	16	23	28	34	38
T	136	152350	165541	226582	272511	462351	1314806	3286616
T	137	3	7	16	23	28	34	38
T	137	147615	159828	218777	264885	443861	1267574	3159273
T	138	3	7	16	23	28	34	38
T	138	153960	165515	222951	264784	446034	1257759	3117376
T	139	3	7	16	23	28	34	38
T	139	153396	165267	223105	267146	449494	1253804	3131425
T	140	3	7	16	23	28	34	38
T	140	151303	161827	214171	256238	424901	1186568	2970295
T	141	3	7	16	23	28	34	38
T	141	157346	167580	220310	261639	436998	1223969	3084050
T	142	3	7	16	23	28	34	38
T	142	162932	172972	225874	268611	443691	1241215	3074828
T	143	3	7	16	23	28	34	38
T	143	157881	167111	216845	257774	420085	1164379	2842908
T	144	3	7	16	23	28	34	38
T	144	163446	171398	220541	264265	428026	1185173	2851832
T	145	3	7	16	23	28	34	38
T	145	180263	187609	240233	286556	464606	1303447	3119006
T	146	3	7	16	23	28	34	38
T	146	180853	185487	231858	275923	441694	1215605	2931348
T	147	3	7	16	23	28	34	38
T	147	187951	190239	236809	281111	449841	1244113	2901776
T	148	3	7	16	23	28	34	38
T	148	195937	195946	238924	282294	444897	1226600	2922074
T	149	3	16	23	28	34	38
T	149	213215	306894	373055	654086	1757202	3017242
G	0	3	7	16	23	28	34
G	0	9239	10859	80861	95479	432349	3502501
G	1	3	7	16	23	28	34
G	1	5187	6322	33112	46353	184290	2316727
G	2	3	7	16	23	28	34
G	2	6781	9239	188498	254244	552749	3006201
G	3	3	7	16	23	28	34	38
G	3	7449	9588	183998	207129	382041	799063	3261697
G	4	3	7	16	23	28	34	38
G	4	9091	9934	70048	77680	185214	555418	3261633
G	5	3	7	16	23	28	34	38
G	5	12180	19432	56402	71965	136706	371534	2745388
G	6	3	7	16	23	28	34	38
G	6	13079	20900	56678	70047	125867	312153	2593730
G	7	3	7	16	23	28	34	38
G	7	15592	23613	61373	75373	136137	334575	2929877
G	8	3	7	16	23	28	34	38
G	8	17281	25158	60207	74066	129939	311853	2877945
G	9	3	7	16	23	28	34	38
G	9	19054	26730	61007	75492	132528	312082	2881732
G	10	3	7	16	23	28	34	38
G	10	21476	29144	66531	81620	144941	349574	3358997
G	11	3	7	16	23	28	34	38
G	11	22383	30698	67349	83447	145881	340493	3176065
G	12	3	7	16	23	28	34	38
G	12	20423	29617	64728	81222	141058	320342	2741059
G	13	3	7	16	23	28	34	38	41
G	13	22642	31845	70671	88368	152715	338195	987818	2957815
G	14	3	7	16	23	28	34	38	41
G	14	23534	32431	72023	89315	154475	345437	1011531	3071064
G	15	3	7	16	23	28	34	38	41
G	15	25139	33926	72603	90720	154989	345727	1014785	3017754
G	16	3	7	16	23	28	34	38	41
G	16	26320	35566	74111	92536	158205	354648	1044049	3058190
G	17	3	7	16	23	28	34	38	41
G	17	26002	34872	72575	91038	154776	343908	1001104	2948296
G	18	3	7	16	23	28	34	38	41
G	18	28377	38373	76390	96388	161276	355226	1032526	3026197
G	19	3	7	16	23	28	34	38	41
G	19	28226	37490	77141	96817	162590	360178	1038811	3050766
G	20	3	7	16	23	28	34	38	41
G	20	28956	38329	75485	95743	159222	351560	1021166	2937945
G	21	3	7	16	23	28	34	38	41
G	21	31313	42094	79797	102045	167807	369518	1080422	3049651
G	22	3	7	16	23	28	34	38	41
G	22	32295	43456	79687	102925	166967	366440	1065330	2994224
G	23	3	7	16	23	28	34	38	41
G	23	34416	45996	82622	107071	172818	380842	1110551	3111945
G	24	3	7	16	23	28	34	38	41
G	24	33243	44676	78890	103079	164220	359062	1038044	2875656
G	25	3	7	16	23	28	34	38	41
G	25	37064	50061	87683	113410	178935	389253	1133809	3155637
G	26	3	7	16	23	28	34	38	41
G	26	35854	48805	82626	109054	169627	367397	1055115	2889831
G	27	3	7	16	23	28	34	38	41
G	27	39031	52445	87169	116226	179384	390768	1129070	3072169
G	28	3	7	16	23	28	34	38	41
G	28	39612	53700	86690	115846	177881	389223	1140683	3002273
G	29	3	7	16	23	28	34	38	41
G	29	40686	55890	88368	118853	181060	392277	1141205	2960000
G	30	3	7	16	23	28	34	38	41
G	30	42050	56776	87855	119353	181555	393961	1138666	2895013
G	31	3	7	16	23	28	34	38	41
G	31	43522	59962	90696	123514	188310	409153	1208526	3015953
G	32	3	7	16	23	28	34	38	41
G	32	42897	59713	89428	121822	184980	403995	1163586	2909180
G	33	3	7	16	23	28	34	38	41
G	33	46481	64296	94011	129613	196788	427905	1232367	3024375
G	34	3	7	16	23	28	34	38	41
G	34	45291	63274	91676	126035	190499	411874	1175086	2844584
G	35	3	7	16	23	28	34	38	41
G	35	50313	69017	98903	136722	206068	444189	1266362	3008801
G	36	3	7	16	23	28	34	38	41
G	36	50286	69601	99380	137807	207509	452185	1299528	3006933
G	37	3	7	16	23	28	34	38	41
G	37	53211	71761	101177	140872	211552	456540	1297310	3000863
G	38	3	7	16	23	28	34	38	41
G	38	51492	70614	100414	140580	210290	454890	1311315	2874881
G	39	3	7	16	23	28	34	38	41
G	39	55614	73628	103924	147444	220341	475440	1410047	3008542
G	40	3	7	16	23	28	34	38	41
G	40	58272	77518	110125	156539	237262	524787	1517052	3193429
G	41	3	7	16	23	28	34	38	41
G	41	57156	75623	106384	152828	230696	503492	1478168	2993161
G	42	3	7	16	23	28	34	38	41
G	42	60145	79389	112892	162203	244141	535118	1560305	2996451
G	43	3	7	16	23	28	34	38	41
G	43	56213	73310	103676	149928	225291	495235	1428117	2774675
G	44	3	7	16	23	28	34	38	41
G	44	61935	81613	112565	166163	251333	547406	1552877	3068515
G	45	3	7	16	23	28	34	38	41
G	45	61841	79685	108595	163128	246850	540719	1544283	2929716
G	46	3	7	16	23	28	34	38	41
G	46	64514	82193	112180	167398	255625	567665	1660810	2975310
G	47	3	7	16	23	28	34	38	41
G	47	67277	85380	116134	174444	266087	598256	1745372	3047366
G	48	3	7	16	23	28	34	38	41
G	48	67529	86040	115866	173904	267273	597946	1703771	2932375
G	49	3	7	16	23	28	34	38	41
G	49	65997	83550	113288	171986	262894	597958	1697669	2879160
G	50	3	7	16	23	28	34	38	41
G	50	68846	86719	117817	179262	274251	625610	1779437	2891077
G	51	3	7	16	23	28	34	38	41
G	51	71801	90495	122519	188263	289735	656158	1863705	3051402
G	52	3	7	16	23	28	34	38	41
G	52	73762	92581	125296	192433	297577	674746	1899955	3054876
G	53	3	7	16	23	28	34	38	41
G	53	71184	89628	121743	187595	291617	668747	1899282	2940606
G	54	3	7	16	23	28	34	38	41
G	54	76241	96355	131727	198845	318035	733063	2135272	3147865
G	55	3	7	16	23	28	34	38	41
G	55	75384	95271	130435	198175	317340	727432	2034483	3021508
G	56	3	7	16	23	28	34	38	41
G	56	74839	93094	126585	191827	306791	714036	1973804	2815252
G	57	3	7	16	23	28	34	38	41
G	57	81225	101008	137836	209914	342711	815459	2352409	3134495
G	58	3	7	16	23	28	34	38	41
G	58	83588	103614	139681	200861	342904	820851	2355317	3147784
G	59	3	7	16	23	28	34	38	41
G	59	81194	101450	137026	200486	342755	814489	2272950	3121979
G	60	3	7	16	23	28	34	38	41
G	60	86934	107463	145521	215107	368313	876647	2472138	3145788
G	61	3	7	16	23	28	34	38	41
G	61	87874	109816	149737	222423	377128	900161	2470803	3229967
G	62	3	7	16	23	28	34	38	41
G	62	87781	108729	147445	219916	373085	887257	2353126	2976754
G	63	3	7	16	23	28	34	38	41
G	63	85446	105028	143533	213717	368619	896119	2384707	2928119
G	64	3	7	16	23	28	34	38	41
G	64	86302	106199	144228	215669	371255	910544	2444816	2954643
G	65	3	7	16	23	28	34	38	41
G	65	89268	110050	151598	228625	391436	974972	2492107	3005362
G	66	3	7	16	23	28	34	38	41
G	66	85384	104973	142803	212065	367253	912929	2393567	2844374
G	67	3	7	16	23	28	34	38	41
G	67	91733	112636	153855	233234	403693	1006832	2614529	3064676
G	68	3	7	16	23	28	34	38	41
G	68	90767	111497	152166	227809	395401	1003240	2627161	2974149
G	69	3	7	16	23	28	34	38	41
G	69	91307	112214	152830	227466	393635	1005296	2572017	2896036
G	70	3	7	16	23	28	34	38	41
G	70	92873	113778	154393	232086	403345	1040582	2634497	2870191
G	71	3	7	16	23	28	34	38	41
G	71	91935	112276	153006	230150	397038	1018074	2588686	2791885
G	72	3	7	16	23	28	34	38	41
G	72	98045	120521	166822	259378	453058	1153290	2767371	2998868
G	73	3	7	16	23	28	34	38	41
G	73	97759	121018	166072	249553	428155	1097430	2719522	2946524
G	74	3	7	16	23	28	34	38	41
G	74	104281	129779	179593	278861	485374	1224540	2866575	3119990
G	75	3	7	16	23	28	34	38	41
G	75	100845	124482	170954	258535	442615	1162468	2800565	2920823
G	76	3	7	16	23	28	34	38	41
G	76	103187	126802	174246	270128	470020	1242542	2827168	2979150
G	77	3	7	16	23	28	34	38	41
G	77	102678	126185	173706	265829	455909	1204512	2775161	2862153
G	78	3	7	16	23	28	34	38	41
G	78	109662	131567	177873	270957	465454	1241497	2992538	3047760
G	79	3	7	16	23	28	34	38	41
G	79	110518	131595	177263	264628	446876	1186716	3046043	3074330
G	80	3	7	16	23	28	34	38	41
G	80	111305	132706	179184	267915	450812	1177437	3043462	3063540
G	81	3	7	16	23	28	34	38	41
G	81	108936	129873	173800	257794	432432	1147352	2917395	2931679
G	82	3	7	16	23	28	34	38	41
G	82	105962	126605	170652	250687	418878	1109458	2828120	2838042
G	83	3	7	16	23	28	34	38	41
G	83	109401	130474	178195	263708	441854	1167275	2900440	2906958
G	84	3	7	16	23	28	34	38	41
G	84	113817	136756	186151	278166	465205	1242356	2978906	2983179
G	85	3	7	16	23	28	34	38	41
G	85	111045	129603	174052	258855	430815	1166410	2971753	2974429
G	86	3	7	16	23	28	34	38	41
G	86	110381	128224	170801	249175	407723	1082181	2826499	2828239
G	87	3	7	16	23	28	34	38	41
G	87	112557	129569	171550	249108	406443	1082045	2895019	2896053
G	88	3	7	16	23	28	34	38	41
G	88	109381	126754	168358	242875	394327	1047656	2764763	2765392
G	89	3	7	16	23	28	34	38	41
G	89	115730	134220	180092	264756	433013	1155174	3019070	3019446
G	90	3	7	16	23	28	34	38	41
G	90	112501	130241	173950	250165	412488	1113862	2935162	2935375
G	91	3	7	16	23	28	34	38	41
G	91	111603	129443	173479	251759	406565	1077217	2777675	2777825
G	92	3	7	16	23	28	34	38	41
G	92	116441	134910	181698	263247	430703	1156486	3001150	3001230
G	93	3	7	16	23	28	34	38	41
G	93	117040	135179	180964	260132	425579	1160534	3073892	3073920
G	94	3	7	16	23	28	34	38	41
G	94	114736	132854	178565	255914	414309	1109109	2876975	2876993
G	95	3	7	16	23	28	34	38	41
G	95	116529	134637	181269	259700	419905	1125759	2899553	2899568
G	96	3	7	16	23	28	34	38	41
G	96	121799	140314	188392	273432	439578	1170120	3011256	3011268
G	97	3	7	16	23	28	34	38	41
G	97	117018	135392	182188	264095	426617	1136788	2909384	2909389
G	98	3	7	16	23	28	34	38	41
G	98	116883	135801	183021	263375	418104	1104658	2787699	2787701
G	99	3	7	16	23	28	34	38	41
G	99	117833	135254	182119	262549	420722	1117387	2856053	2856056
G	100	3	7	16	23	28	34	38
G	100	120629	138711	186542	266759	427203	1138753	2886891
G	101	3	7	16	23	28	34	38
G	101	122164	146388	222184	368735	664710	1957004	2990494
G	102	3	7	16	23	28	34	38
G	102	125839	147939	211453	327928	550423	1637378	3005912
G	103	3	7	16	23	28	34	38
G	103	119461	140043	193748	286867	467081	1276669	2848211
G	104	3	7	16	23	28	34	38
G	104	126463	147499	201174	294799	475755	1267557	3067768
G	105	3	7	16	23	28	34	38
G	105	122776	142838	194343	279619	446254	1168272	2904198
G	106	3	7	16	23	28	34	38
G	106	123757	142087	192689	278670	439679	1140794	2862201
G	107	3	7	16	23	28	34	38
G	107	120018	137784	186281	269405	425411	1097300	2765022
G	108	3	7	16	23	28	34	38
G	108	127343	146407	198438	285362	456992	1201028	3029342
G	109	3	7	16	23	28	34	38
G	109	121829	139596	188970	272588	429519	1094294	2742567
G	110	3	7	16	23	28	34	38
G	110	132937	151201	203625	291110	462817	1207604	3061425
G	111	3	7	16	23	28	34	38
G	111	131831	150676	204224	295321	469967	1229103	3116882
G	112	3	7	16	23	28	34	38
G	112	139530	158787	214188	305485	486679	1269262	3165314
G	113	3	7	16	23	28	34	38
G	113	129517	147613	198961	284110	448974	1163546	2899060
G	114	3	7	16	23	28	34	38
G	114	132398	151555	203986	291484	457052	1184285	2949844
G	115	3	7	16	23	28	34	38
G	115	136645	155098	210551	296632	464845	1200845	2961924
G	116	3	7	16	23	28	34	38
G	116	143040	162052	220330	313327	490541	1273190	3121446
G	117	3	7	16	23	28	34	38
G	117	141514	159877	215148	307032	481320	1224292	3045387
G	118	3	7	16	23	28	34	38
G	118	142407	161144	216178	308147	481508	1229794	3043246
G	119	3	7	16	23	28	34	38
G	119	142460	161929	218629	313276	491052	1254083	3034694
G	120	3	7	16	23	28	34	38
G	120	141947	160441	215958	307143	482706	1232154	3016607
G	121	3	7	16	23	28	34	38
G	121	143664	161211	214554	308393	480963	1230115	3008279
G	122	3	7	16	23	28	34	38
G	122	140441	157261	208213	291677	456319	1183075	2894357
G	123	3	7	16	23	28	34	38
G	123	152634	169868	224260	314209	489357	1293299	3158002
G	124	3	7	16	23	28	34	38
G	124	148473	165693	218709	305362	475803	1241058	3039541
G	125	3	7	16	23	28	34	38
G	125	150986	167603	222564	315581	491089	1304060	3090077
G	126	3	7	16	23	28	34	38
G	126	148734	165069	216685	304367	474249	1231400	2982856
G	127	3	7	16	23	28	34	38
G	127	157706	174264	227390	319507	496744	1288124	3119151
G	128	3	7	16	23	28	34	38
G	128	151860	166964	216830	303406	470600	1221894	2943607
G	129	3	7	16	23	28	34	38
G	129	159335	175444	227845	322222	498969	1287923	3071931
G	130	3	7	16	23	28	34	38
G	130	154062	169319	218752	304878	470504	1199804	2861440
G	131	3	7	16	23	28	34	38
G	131	156960	171463	220225	303942	469799	1217622	2927596
G	132	3	7	16	23	28	34	38
G	132	159368	174211	223274	307435	476063	1231509	2962942
G	133	3	7	16	23	28	34	38
G	133	167504	182186	232248	315329	489590	1272033	3073008
G	134	3	7	16	23	28	34	38
G	134	162550	177129	225183	310105	474260	1231322	2948694
G	135	3	7	16	23	28	34	38
G	135	167375	181236	230079	312768	481727	1259611	2986725
G	136	3	7	16	23	28	34	38
G	136	168397	183614	234755	318559	485571	1240643	2895975
G	137	3	7	16	23	28	34	38
G	137	173026	186426	235227	315160	481503	1237512	2871538
G	138	3	7	16	23	28	34	38
G	138	182076	195509	245894	329979	509580	1332931	3129667
G	139	3	7	16	23	28	34	38
G	139	177984	189972	235242	315768	481081	1229850	2861625
G	140	3	7	16	23	28	34	38
G	140	198316	210896	259962	346761	530590	1374415	3242478
G	141	3	7	16	23	28	34	38
G	141	199295	210349	255337	340145	515111	1314195	3054456
G	142	3	7	16	23	28	34	38
G	142	204484	215294	260311	345661	522341	1330259	3080509
G	143	3	7	16	23	28	34	38
G	143	210800	220736	265394	350804	529370	1350546	3120926
G	144	3	7	16	23	28	34	38
G	144	218277	226201	268218	351862	524217	1343419	3105794
G	145	3	7	16	23	28	34	38
G	145	221440	227374	265688	344584	510591	1300118	2987908
G	146	3	7	16	23	28	34	38
G	146	229530	233341	271812	348439	517798	1335479	3033662
G	147	3	7	16	23	28	34	38
G	147	242387	244010	280930	361089	531059	1340180	3069770
G	148	3	7	16	23	28	34	38
G	148	252021	252056	290461	371513	541484	1382225	3070773
G	149	3	16	23	28	34	38
G	149	242013	315990	447364	708364	1809015	2887826
C	0	3	7	16	23	28	34
C	0	13590	16119	140298	161935	672212	5566601
C	1	3	7	16	23	28	34
C	1	5971	7647	43233	60294	217965	2545238
C	2	3	7	16	23	28	34
C	2	7790	11191	190659	265261	573291	3249255
C	3	3	7	16	23	28	34	38
C	3	7094	9597	165620	184293	333104	656101	2622181
C	4	3	7	16	23	28	34	38
C	4	9036	10249	68439	76061	168244	458622	2604156
C	5	3	7	16	23	28	34	38
C	5	10262	15152	51864	63174	122599	336096	2632256
C	6	3	7	16	23	28	34	38
C	6	12452	17984	58156	69330	129715	328905	2975045
C	7	3	7	16	23	28	34	38
C	7	15341	21345	64154	76098	141556	354209	3385307
C	8	3	7	16	23	28	34	38
C	8	15953	21250	60736	72112	131009	319343	3145311
C	9	3	7	16	23	28	34	38
C	9	14084	18353	49910	59124	107351	256925	2563425
C	10	3	7	16	23	28	34	38
C	10	18489	23619	60347	72105	130872	316261	3224143
C	11	3	7	16	23	28	34	38
C	11	19237	24417	61781	73610	133312	321026	3246868
C	12	3	7	16	23	28	34	38
C	12	19180	24763	60883	73264	130416	304310	2886791
C	13	3	7	16	23	28	34	38	41
C	13	19969	25327	62611	74952	133763	304086	901586	2971688
C	14	3	7	16	23	28	34	38	41
C	14	20990	26042	61327	73886	130426	296089	872009	2877364
C	15	3	7	16	23	28	34	38	41
C	15	22736	27901	65401	78406	138191	317522	952255	3090558
C	16	3	7	16	23	28	34	38	41
C	16	21955	27116	61903	74653	129550	294966	867686	2835826
C	17	3	7	16	23	28	34	38	41
C	17	23830	29320	65436	79550	136640	307731	911170	2895275
C	18	3	7	16	23	28	34	38	41
C	18	24531	30077	65319	79458	135809	306902	892580	2882735
C	19	3	7	16	23	28	34	38	41
C	19	25905	32133	66641	81970	138013	309605	907402	2936205
C	20	3	7	16	23	28	34	38	41
C	20	27845	34261	69602	85286	142146	319697	933431	2967791
C	21	3	7	16	23	28	34	38	41
C	21	27228	33858	67155	83465	138841	312652	921406	2926032
C	22	3	7	16	23	28	34	38	41
C	22	29062	36468	70045	87848	144401	323213	955176	2977591
C	23	3	7	16	23	28	34	38	41
C	23	29215	36561	68967	87192	142015	318946	945650	2935273
C	24	3	7	16	23	28	34	38	41
C	24	31602	40328	72729	93413	149212	332253	977408	2996621
C	25	3	7	16	23	28	34	38	41
C	25	30774	39034	69471	89399	142192	317542	942206	2850771
C	26	3	7	16	23	28	34	38	41
C	26	34059	44023	77495	101012	159496	353142	1036998	3099375
C	27	3	7	16	23	28	34	38	41
C	27	33073	42775	72954	95605	150062	332407	968749	2849057
C	28	3	7	16	23	28	34	38	41
C	28	33856	44627	71971	95470	147044	327022	959018	2826786
C	29	3	7	16	23	28	34	38	41
C	29	35603	47495	75211	100496	153510	339694	998252	2897161
C	30	3	7	16	23	28	34	38	41
C	30	37407	50597	78723	105283	161006	356015	1060055	3004230
C	31	3	7	16	23	28	34	38	41
C	31	38663	51654	79236	106498	163152	359317	1060292	2982390
C	32	3	7	16	23	28	34	38	41
C	32	43115	58052	85389	116123	176653	390720	1160530	3184568
C	33	3	7	16	23	28	34	38	41
C	33	42607	56803	82468	110777	168271	371816	1085500	2952710
C	34	3	7	16	23	28	34	38	41
C	34	46568	62131	88306	119650	181594	399980	1156489	3094600
C	35	3	7	16	23	28	34	38	41
C	35	42998	58025	81114	109831	165510	362079	1050902	2797893
C	36	3	7	16	23	28	34	38	41
C	36	47666	63420	88089	120355	180507	396661	1148230	2987239
C	37	3	7	16	23	28	34	38	41
C	37	45482	60515	83956	115179	174271	384288	1126114	2834658
C	38	3	7	16	23	28	34	38	41
C	38	47451	63268	87760	120677	181931	398537	1157275	2928467
C	39	3	7	16	23	28	34	38	41
C	39	47318	62457	86623	120345	181001	398976	1186690	2810501
C	40	3	7	16	23	28	34	38	41
C	40	48409	62989	86561	120725	181241	400964	1179678	2770379
C	41	3	7	16	23	28	34	38	41
C	41	54627	71357	98122	138134	209210	469725	1416326	2960322
C	42	3	7	16	23	28	34	38	41
C	42	50547	65204	88948	124884	188430	420493	1240966	2755441
C	43	3	7	16	23	28	34	38	41
C	43	55845	70886	97095	139049	210334	476950	1402560	2946283
C	44	3	7	16	23	28	34	38	41
C	44	54513	68841	91780	131501	201106	449862	1346802	2776811
C	45	3	7	16	23	28	34	38	41
C	45	58146	73377	97694	139687	214449	479935	1457195	2973435
C	46	3	7	16	23	28	34	38	41
C	46	55622	69837	92794	133793	205053	460767	1381973	2741943
C	47	3	7	16	23	28	34	38	41
C	47	59384	74000	98053	142125	218607	493774	1527852	2942688
C	48	3	7	16	23	28	34	38	41
C	48	58319	72453	95758	139037	216540	492810	1515046	2766944
C	49	3	7	16	23	28	34	38	41
C	49	62522	77284	102476	149132	233745	543431	1631127	2980725
C	50	3	7	16	23	28	34	38	41
C	50	64554	79311	104637	152062	237890	554345	1700358	3033341
C	51	3	7	16	23	28	34	38	41
C	51	65753	80349	106119	156237	245265	583859	1736361	2961456
C	52	3	7	16	23	28	34	38	41
C	52	60432	74109	97849	143651	226693	534515	1591755	2725345
C	53	3	7	16	23	28	34	38	41
C	53	66840	82202	108861	161316	255053	607776	1833167	3006500
C	54	3	7	16	23	28	34	38	41
C	54	65579	80215	105750	151196	248071	591919	1797292	2827532
C	55	3	7	16	23	28	34	38	41
C	55	68863	84785	112137	161314	267038	653828	1969162	2945134
C	56	3	7	16	23	28	34	38	41
C	56	69693	85281	112470	162385	268697	659351	1978187	2917763
C	57	3	7	16	23	28	34	38	41
C	57	71123	86860	115077	166085	274974	680680	2028294	2979356
C	58	3	7	16	23	28	34	38	41
C	58	69589	84429	111516	157942	272848	676904	2022056	2823746
C	59	3	7	16	23	28	34	38	41
C	59	78100	94205	123599	173053	297940	762467	2285443	3096698
C	60	3	7	16	23	28	34	38	41
C	60	76332	92576	122025	171456	297555	740490	2242902	3065985
C	61	3	7	16	23	28	34	38	41
C	61	77192	93778	123340	173135	301454	765196	2316941	2962570
C	62	3	7	16	23	28	34	38	41
C	62	78101	94326	124548	175680	307646	786265	2342008	3016398
C	63	3	7	16	23	28	34	38	41
C	63	77708	93620	124346	176936	310777	802408	2366199	2938380
C	64	3	7	16	23	28	34	38	41
C	64	80034	96174	127636	183188	322759	830777	2382472	2970173
C	65	3	7	16	23	28	34	38	41
C	65	84140	100730	133127	188807	334799	876416	2578824	3143020
C	66	3	7	16	23	28	34	38	41
C	66	88598	105744	140713	202785	357707	959966	2701024	3151946
C	67	3	7	16	23	28	34	38	41
C	67	84475	100463	132811	186180	329895	900049	2589369	2996031
C	68	3	7	16	23	28	34	38	41
C	68	88140	105255	139411	197644	349963	953518	2697687	3110410
C	69	3	7	16	23	28	34	38	41
C	69	90309	107611	142514	201220	358386	1000172	2835120	3141613
C	70	3	7	16	23	28	34	38	41
C	70	89860	107262	142804	205650	364788	1004494	2862539	3147927
C	71	3	7	16	23	28	34	38	41
C	71	91684	108847	144157	207029	368245	1030911	2904850	3157225
C	72	3	7	16	23	28	34	38	41
C	72	89843	107641	143887	204108	367232	1045808	2840181	3071294
C	73	3	7	16	23	28	34	38	41
C	73	91710	109760	148137	219068	394974	1117453	2854318	3013324
C	74	3	7	16	23	28	34	38	41
C	74	89274	107029	144170	204593	364131	1027352	2740023	2885302
C	75	3	7	16	23	28	34	38	41
C	75	94557	115282	158291	237890	427027	1135909	2804710	3021371
C	76	3	7	16	23	28	34	38	41
C	76	96761	115525	155736	220837	392023	1161499	2992378	3069112
C	77	3	7	16	23	28	34	38	41
C	77	98678	117929	158772	227606	405711	1158313	3054905	3122698
C	78	3	7	16	23	28	34	38	41
C	78	93924	109862	146114	206857	364345	1057219	2857979	2902322
C	79	3	7	16	23	28	34	38	41
C	79	96610	111949	148467	207946	359001	1024542	2883902	2916598
C	80	3	7	16	23	28	34	38	41
C	80	99304	115558	153981	215036	371243	1054281	2950522	2974627
C	81	3	7	16	23	28	34	38	41
C	81	98455	114552	152286	214600	366778	1036460	2883762	2900738
C	82	3	7	16	23	28	34	38	41
C	82	103259	120649	161980	229859	395050	1112513	3048322	3059876
C	83	3	7	16	23	28	34	38	41
C	83	98408	114192	153177	213389	366741	1043212	2876260	2883927
C	84	3	7	16	23	28	34	38	41
C	84	101292	118464	159758	224850	385133	1089842	2948717	2953745
C	85	3	7	16	23	28	34	38	41
C	85	103151	117821	155432	217099	367627	1061297	2887366	2890381
C	86	3	7	16	23	28	34	38	41
C	86	98772	112361	147094	201252	340170	967450	2769091	2771088
C	87	3	7	16	23	28	34	38	41
C	87	103692	117459	153845	208027	349827	1002085	2872742	2873939
C	88	3	7	16	23	28	34	38	41
C	88	106102	120203	157013	214325	357606	1023342	2984984	2985751
C	89	3	7	16	23	28	34	38	41
C	89	101393	114759	150698	204889	343281	977815	2804563	2805050
C	90	3	7	16	23	28	34	38	41
C	90	111055	125640	164964	225973	379392	1073343	3035617	3035877
C	91	3	7	16	23	28	34	38	41
C	91	104678	118521	155800	213812	354834	999223	2832899	2833022
C	92	3	7	16	23	28	34	38	41
C	92	106773	120851	159128	213677	356645	1017718	2860350	2860409
C	93	3	7	16	23	28	34	38	41
C	93	106266	120117	159017	213431	354238	1007090	2844424	2844469
C	94	3	7	16	23	28	34	38	41
C	94	111479	126298	167157	228536	376157	1054702	2922423	2922444
C	95	3	7	16	23	28	34	38	41
C	95	109090	123230	163030	219895	363753	1025992	2870679	2870692
C	96	3	7	16	23	28	34	38	41
C	96	110726	124938	165779	222443	369373	1060405	2949758	2949770
C	97	3	7	16	23	28	34	38	41
C	97	109003	122686	162320	219304	361203	1023269	2841735	2841743
C	98	3	7	16	23	28	34	38
C	98	114148	129182	172293	233073	383369	1078366	2961947
C	99	3	7	16	23	28	34	38	41
C	99	115577	129832	173252	234022	385432	1100908	3019608	3019609
C	100	3	7	16	23	28	34	38	41
C	100	114289	128706	171498	229163	377052	1069504	2996934	2996935
C	101	3	7	16	23	28	34	38
C	101	117752	135716	209198	329784	641550	2136037	2985992
C	102	3	7	16	23	28	34	38
C	102	114679	130030	183502	264868	472287	1586575	2965868
C	103	3	7	16	23	28	34	38
C	103	117239	132590	180265	246573	418049	1258319	3011596
C	104	3	7	16	23	28	34	38
C	104	115274	129998	175769	238872	395437	1146518	2996438
C	105	3	7	16	23	28	34	38
C	105	118903	133010	177999	239218	390030	1112314	2975124
C	106	3	7	16	23	28	34	38
C	106	114439	127385	169556	224113	366096	1041924	2885094
C	107	3	7	16	23	28	34	38
C	107	121060	134037	177212	234464	382242	1086614	3070847
C	108	3	7	16	23	28	34	38
C	108	118172	131008	173340	227567	373488	1049961	2946438
C	109	3	7	16	23	28	34	38
C	109	127327	141279	186437	246249	409468	1176577	3285248
C	110	3	7	16	23	28	34	38
C	110	122082	134545	177052	234772	381596	1079737	3011330
C	111	3	7	16	23	28	34	38
C	111	123294	135608	177745	236597	385824	1095301	3037415
C	112	3	7	16	23	28	34	38
C	112	122496	135244	177566	234294	382743	1083626	3025857
C	113	3	7	16	23	28	34	38
C	113	119204	131775	173863	231545	374095	1047313	2889372
C	114	3	7	16	23	28	34	38
C	114	125046	138733	183325	244148	398671	1110997	3047019
C	115	3	7	16	23	28	34	38
C	115	125085	138174	183535	241796	394480	1115331	3065969
C	116	3	7	16	23	28	34	38
C	116	123598	136336	180283	236108	384102	1083040	2972188
C	117	3	7	16	23	28	34	38
C	117	130761	143393	190038	248136	403034	1153243	3174100
C	118	3	7	16	23	28	34	38
C	118	126812	139496	183844	240916	393034	1109304	3012909
C	119	3	7	16	23	28	34	38
C	119	128029	140948	185962	244082	396001	1105132	2976168
C	120	3	7	16	23	28	34	38
C	120	132440	144745	189710	246652	396612	1125557	3006276
C	121	3	7	16	23	28	34	38
C	121	131678	144028	187855	247832	401516	1117878	2968366
C	122	3	7	16	23	28	34	38
C	122	134621	147021	191081	251966	407567	1152641	3111030
C	123	3	7	16	23	28	34	38
C	123	130286	141534	182889	241021	383989	1074324	2888060
C	124	3	7	16	23	28	34	38
C	124	134487	146056	188241	243488	393670	1121911	3038481
C	125	3	7	16	23	28	34	38
C	125	137876	149278	193358	246218	400317	1153557	3135580
C	126	3	7	16	23	28	34	38
C	126	143821	155816	200590	256732	416822	1185958	3154171
C	127	3	7	16	23	28	34	38
C	127	131553	142085	181745	232664	372050	1048587	2819786
C	128	3	7	16	23	28	34	38
C	128	138657	149411	190327	244321	391668	1119492	3016012
C	129	3	7	16	23	28	34	38
C	129	138978	149520	189644	244113	388502	1104616	2961023
C	130	3	7	16	23	28	34	38
C	130	143176	153872	194610	252213	400437	1131157	2976279
C	131	3	7	16	23	28	34	38
C	131	140626	150883	191355	247229	393296	1112945	2926570
C	132	3	7	16	23	28	34	38
C	132	145907	156095	195709	251168	398984	1128389	2983773
C	133	3	7	16	23	28	34	38
C	133	147213	157314	197561	251764	400592	1142864	2985397
C	134	3	7	16	23	28	34	38
C	134	154078	163977	203039	255238	403461	1146021	2985717
C	135	3	7	16	23	28	34	38
C	135	158738	168554	209364	263208	417013	1176631	3105308
C	136	3	7	16	23	28	34	38
C	136	155132	166354	206232	259526	404274	1157649	2973679
C	137	3	7	16	23	28	34	38
C	137	154459	163608	202462	256717	400187	1126160	2903375
C	138	3	7	16	23	28	34	38
C	138	154553	163169	200423	251876	392058	1099508	2821786
C	139	3	7	16	23	28	34	38
C	139	169043	177679	216128	266397	418370	1198690	3074385
C	140	3	7	16	23	28	34	38
C	140	162013	170211	206437	256663	398715	1128745	2887715
C	141	3	7	16	23	28	34	38
C	141	170790	178305	214259	264670	411483	1172526	3019414
C	142	3	7	16	23	28	34	38
C	142	172149	179236	213557	264943	406026	1140138	2912297
C	143	3	7	16	23	28	34	38
C	143	180860	187413	220937	273215	417046	1179230	2980263
C	144	3	7	16	23	28	34	38
C	144	190096	195690	228934	285074	433818	1208197	3034698
C	145	3	7	16	23	28	34	38
C	145	195048	199323	229788	281449	421251	1195423	3014555
C	146	3	7	16	23	28	34	38
C	146	206459	209333	239477	293566	439805	1225656	3049686
C	147	3	7	16	23	28	34	38
C	147	206910	208129	235891	282045	421887	1192287	2980769
C	148	3	7	16	23	28	34	38
C	148	212287	212306	238622	284311	422059	1190288	2942160
C	149	3	16	23	28	34	38
C	149	223942	277552	346117	552321	1661422	3011671
N	0	3
N	0	9306
N	1	3
N	1	3
N	2	3
N	2	949
N	3	3
N	3	3396
N	4	3
N	4	424
N	5	3
N	5	8564
N	6	3
N	6	4576
N	7	3
N	7	6363
N	8	3
N	8	2350
N	9	3
N	9	1049
N	10	3
N	10	1073
N	11	3
N	11	365
N	12	3
N	12	762
N	13
N	13
N	14
N	14
N	15
N	15
N	16
N	16
N	17	3
N	17	97
N	18
N	18
N	19
N	19
N	20
N	20
N	21
N	21
N	22
N	22
N	23
N	23
N	24
N	24
N	25
N	25
N	26
N	26
N	27
N	27
N	28
N	28
N	29
N	29
N	30
N	30
N	31
N	31
N	32
N	32
N	33
N	33
N	34
N	34
N	35
N	35
N	36
N	36
N	37
N	37
N	38
N	38
N	39
N	39
N	40
N	40
N	41
N	41
N	42
N	42
N	43
N	43
N	44
N	44
N	45
N	45
N	46
N	46
N	47
N	47
N	48
N	48
N	49
N	49
N	50
N	50
N	51
N	51
N	52
N	52
N	53
N	53
N	54
N	54
N	55
N	55
N	56
N	56
N	57
N	57
N	58
N	58
N	59
N	59
N	60
N	60
N	61
N	61
N	62
N	62
N	63
N	63
N	64
N	64
N	65
N	65
N	66
N	66
N	67
N	67
N	68
N	68
N	69
N	69
N	70
N	70
N	71
N	71
N	72
N	72
N	73
N	73
N	74
N	74
N	75
N	75
N	76
N	76
N	77
N	77
N	78
N	78
N	79
N	79
N	80
N	80
N	81
N	81
N	82
N	82
N	83
N	83
N	84
N	84
N	85
N	85
N	86
N	86
N	87
N	87
N	88
N	88
N	89
N	89
N	90
N	90
N	91
N	91
N	92
N	92
N	93
N	93
N	94
N	94
N	95
N	95
N	96
N	96
N	97
N	97
N	98
N	98
N	99
N	99
N	100
N	100
N	101
N	101
N	102
N	102
N	103
N	103
N	104
N	104
N	105
N	105
N	106
N	106
N	107
N	107
N	108
N	108
N	109
N	109
N	110
N	110
N	111
N	111
N	112
N	112
N	113
N	113
N	114
N	114
N	115
N	115
N	116
N	116
N	117
N	117
N	118
N	118
N	119
N	119
N	120
N	120
N	121	3
N	121	11
N	122
N	122
N	123	3
N	123	5
N	124
N	124
N	125
N	125
N	126
N	126
N	127
N	127
N	128
N	128
N	129
N	129
N	130	3
N	130	7
N	131
N	131
N	132
N	132
N	133
N	133
N	134	3
N	134	185
N	135
N	135
N	136	3
N	136	9
N	137
N	137
N	138
N	138
N	139
N	139
N	140
N	140
N	141
N	141
N	142	3
N	142	7
N	143
N	143
N	144	3
N	144	11
N	145
N	145
N	146	3
N	146	17
N	147	3
N	147	4
N	148	3
N	148	3
N	149	3
N	149	51
