.	0	2	11	25	37	
.	0	202155	59297582	156912815	2000145824	
.	1	2	11	25	37	
.	1	654968	54221506	147901308	2000145824	
.	2	2	11	25	37	
.	2	375946	42705873	120135559	2000145824	
.	3	2	11	25	37	
.	3	187	42798319	120732223	2000145824	
.	4	2	11	25	37	
.	4	7962	34009587	102677045	2000145824	
.	5	2	11	25	37	
.	5	33979	26347464	86053671	2000145824	
.	6	2	11	25	37	
.	6	787	27877705	88189163	2000145824	
.	7	2	11	25	37	
.	7	7579	25916349	85469358	2000145824	
.	8	2	11	25	37	
.	8	2036	28432442	89082449	2000145824	
.	9	11	25	37	
.	9	28308631	90428201	2000145824	
.	10	2	11	25	37	
.	10	102	25084175	80765296	2000145824	
.	11	2	11	25	37	
.	11	3256	28653122	91725960	2000145824	
.	12	2	11	25	37	
.	12	18995	27215288	88094817	2000145824	
.	13	2	11	25	37	
.	13	1588	26544075	86274030	2000145824	
.	14	2	11	25	37	
.	14	702	25913199	86578872	2000145824	
.	15	2	11	25	37	
.	15	26496	27251665	91354886	2000145824	
.	16	2	11	25	37	
.	16	27	26574734	88257686	2000145824	
.	17	2	11	25	37	
.	17	21906	27810947	92921038	2000145824	
.	18	2	11	25	37	
.	18	2658	27381591	90214789	2000145824	
.	19	11	25	37	
.	19	27504352	91103162	2000145824	
.	20	2	11	25	37	
.	20	3664	27002158	89304523	2000145824	
.	21	2	11	25	37	
.	21	1906	27596756	90929167	2000145824	
.	22	2	11	25	37	
.	22	191	28529462	94794704	2000145824	
.	23	2	11	25	37	
.	23	241	30382025	100773220	2000145824	
.	24	2	11	25	37	
.	24	274	29669949	97020866	2000145824	
.	25	2	11	25	37	
.	25	350	33285884	101471761	2000145824	
.	26	2	11	25	37	
.	26	374	33325472	100561504	2000145824	
.	27	2	11	25	37	
.	27	127	34277157	103144040	2000145824	
.	28	2	11	25	37	
.	28	377	32934510	98500081	2000145824	
.	29	2	11	25	37	
.	29	389	33459491	100191934	2000145824	
.	30	2	11	25	37	
.	30	70	33909633	101736001	2000145824	
.	31	2	11	25	37	
.	31	128	34381376	102569347	2000145824	
.	32	2	11	25	37	
.	32	538	34425217	103271188	2000145824	
.	33	2	11	25	37	
.	33	12856	34512014	103206160	2000145824	
.	34	2	11	25	37	
.	34	3805	35217016	104398551	2000145824	
.	35	2	11	25	37	
.	35	4	34396673	101452948	2000145824	
.	36	2	11	25	37	
.	36	255	34515836	101762829	2000140470	
.	37	2	11	25	37	
.	37	1374	35221053	103674109	2000135140	
.	38	2	11	25	37	
.	38	86	36222132	106166812	2000129841	
.	39	2	11	25	37	
.	39	2553	35955616	104726419	2000124464	
.	40	2	11	25	37	
.	40	2313	37457879	109730323	2000118377	
.	41	2	11	25	37	
.	41	679	36716518	107617863	2000112829	
.	42	2	11	25	37	
.	42	999	37249365	109299779	2000107408	
.	43	2	11	25	37	
.	43	22977	37796266	108688118	2000102079	
.	44	2	11	25	37	
.	44	1802	43022363	115522558	2000096719	
.	45	2	11	25	37	
.	45	5762	39959656	112638861	2000091453	
.	46	2	11	25	37	
.	46	6397	38692788	111902183	2000086389	
.	47	2	11	25	37	
.	47	7452	38673754	110012102	2000081025	
.	48	2	11	25	37	
.	48	4162	42250197	118965871	2000076133	
.	49	2	11	25	37	
.	49	421307	40835441	115891684	2000071346	
.	50	2	11	25	37	
.	50	493	39805346	112824985	2000066107	
.	51	2	11	25	37	
.	51	177	41070484	115783005	2000061131	
.	52	2	11	25	37	
.	52	639	40231912	115260828	2000056040	
.	53	2	11	25	37	
.	53	382	38955260	111153647	2000050670	
.	54	2	11	25	37	
.	54	430083	42247651	117563028	2000045602	
.	55	2	11	25	37	
.	55	268	42559693	118863889	2000040385	
.	56	2	11	25	37	
.	56	242	43715342	120833072	2000034953	
.	57	2	11	25	37	
.	57	374	42514698	119735653	2000029599	
.	58	2	11	25	37	
.	58	7455	43769515	118295645	2000024243	
.	59	2	11	25	37	
.	59	3455	45634952	123075379	2000018992	
.	60	2	11	25	37	
.	60	690	42661803	119685427	2000013802	
.	61	2	11	25	37	
.	61	1879	43570303	118913493	2000008866	
.	62	2	11	25	37	
.	62	285	46302265	124181639	2000003625	
.	63	2	11	25	37	
.	63	95	43466849	119702450	1999998404	
.	64	2	11	25	37	
.	64	12510	46848226	126740444	1999993453	
.	65	2	11	25	37	
.	65	4587	45967152	122705995	1999988436	
.	66	2	11	25	37	
.	66	4426	46489734	127651818	1999983394	
.	67	2	11	25	37	
.	67	3933	47387502	127038813	1999978735	
.	68	2	11	25	37	
.	68	29835	50153581	130277662	1999973716	
.	69	2	11	25	37	
.	69	2686	51245007	129318201	1999969186	
.	70	2	11	25	37	
.	70	185	50702760	132430366	1999964867	
.	71	2	11	25	37	
.	71	7516	48139151	131949771	1999960717	
.	72	2	11	25	37	
.	72	3633	45104320	124898501	1999955469	
.	73	2	11	25	37	
.	73	443	47474229	131268414	1999951150	
.	74	2	11	25	37	
.	74	1008	47232774	130101360	1999946754	
.	75	2	11	25	37	
.	75	20359	45644753	124630188	1999941913	
.	76	2	11	25	37	
.	76	5489	45877675	124918861	1999937222	
.	77	2	11	25	37	
.	77	1206	47159816	128293689	1999932303	
.	78	2	11	25	37	
.	78	2488	47114293	127942731	1999927109	
.	79	2	11	25	37	
.	79	1432	47892600	129720827	1999922313	
.	80	2	11	25	37	
.	80	188	47901539	129941601	1999917062	
.	81	2	11	25	37	
.	81	1091	48437473	131773868	1999912044	
.	82	2	11	25	37	
.	82	1891	48339182	130070439	1999907110	
.	83	2	11	25	37	
.	83	5468	47917362	129002098	1999902160	
.	84	2	11	25	37	
.	84	1982	48415324	130446906	1999897261	
.	85	2	11	25	37	
.	85	6202	49561184	133195326	1999892516	
.	86	2	11	25	37	
.	86	384	50516822	135157871	1999887559	
.	87	2	11	25	37	
.	87	943	50830971	134985310	1999882838	
.	88	2	11	25	37	
.	88	9454	51986838	137193377	1999877874	
.	89	2	11	25	37	
.	89	3603	55555089	141883714	1999873093	
.	90	2	11	25	37	
.	90	9379	55491368	143719482	1999868220	
.	91	2	11	25	37	
.	91	9737	54427983	144192527	1999863431	
.	92	2	11	25	37	
.	92	11908	53713221	142192471	1999858757	
.	93	2	11	25	37	
.	93	1717	54391301	143778022	1999853591	
.	94	2	11	25	37	
.	94	36984	55427763	145521700	1999848427	
.	95	2	11	25	37	
.	95	1162	54243669	143119596	1999843726	
.	96	2	11	25	37	
.	96	24726	55048712	144964510	1999838916	
.	97	2	11	25	37	
.	97	3034	55261511	144743189	1999833839	
.	98	2	11	25	37	
.	98	2317	56003955	146189295	1999829127	
.	99	2	11	25	37	
.	99	2248	57117834	148434685	1999824453	
.	100	2	11	25	37	
.	100	2549	56507835	146862179	1999819759	
.	101	2	11	25	37	
.	101	455	56089961	146092404	1999814828	
.	102	2	11	25	37	
.	102	2365	56498871	146987428	1999810199	
.	103	2	11	25	37	
.	103	4740	57467686	148508421	1999805011	
.	104	2	11	25	37	
.	104	2848	57363627	147784634	1999799304	
.	105	2	11	25	37	
.	105	5158	56731222	147085460	1999794038	
.	106	2	11	25	37	
.	106	10379	58143255	149323374	1999788787	
.	107	2	11	25	37	
.	107	12601	61454596	155854922	1999782973	
.	108	2	11	25	37	
.	108	4766	62963689	158542471	1999777609	
.	109	2	11	25	37	
.	109	3452	61818017	156360129	1999772088	
.	110	2	11	25	37	
.	110	12509	63482865	160156316	1999766567	
.	111	2	11	25	37	
.	111	3728	62204580	158730099	1999760679	
.	112	2	11	25	37	
.	112	11618	61722588	157532314	1999755304	
.	113	2	11	25	37	
.	113	2073	62488411	158829252	1999749933	
.	114	2	11	25	37	
.	114	509	61920416	157039515	1999744367	
.	115	2	11	25	37	
.	115	6708	64005371	161907456	1999738968	
.	116	2	11	25	37	
.	116	3312	64668609	163099781	1999733419	
.	117	2	11	25	37	
.	117	461	65031612	163162977	1999727509	
.	118	2	11	25	37	
.	118	1007	65495961	163938255	1999721804	
.	119	2	11	25	37	
.	119	15812	66770688	166408634	1999715540	
.	120	2	11	25	37	
.	120	18445	66274992	165904694	1999710033	
.	121	2	11	25	37	
.	121	14772	65320390	164684283	1999704312	
.	122	2	11	25	37	
.	122	5957	66769439	167226097	1999699088	
.	123	2	11	25	37	
.	123	13414	66216160	165872501	1999692945	
.	124	2	11	25	37	
.	124	593	67120277	167647167	1999687457	
.	125	2	11	25	37	
.	125	11371	69295832	171325572	1999681701	
.	126	2	11	25	37	
.	126	5361	68953606	171671997	1999675184	
.	127	2	11	25	37	
.	127	1465	68963779	171148403	1999669180	
.	128	2	11	25	37	
.	128	7937	68024768	169690254	1999663208	
.	129	2	11	25	37	
.	129	13685	69680727	172653029	1999656898	
.	130	2	11	25	37	
.	130	7873	67046327	166885611	1952552608	
.	131	2	11	25	37	
.	131	865	67064736	167318695	1952545871	
.	132	2	11	25	37	
.	132	3476	68223782	169054633	1952539183	
.	133	2	11	25	37	
.	133	6953	67376533	167795960	1952532506	
.	134	2	11	25	37	
.	134	3793	67647640	168296296	1952525503	
.	135	2	11	25	37	
.	135	1474	67946079	169094609	1952518593	
.	136	2	11	25	37	
.	136	613	69614981	172452920	1952511447	
.	137	2	11	25	37	
.	137	314	72660458	177458914	1952503922	
.	138	2	11	25	37	
.	138	1269	70703666	175324661	1952496607	
.	139	2	11	25	37	
.	139	5496	70898459	174825665	1952489279	
.	140	2	11	25	37	
.	140	3080	72096804	177328522	1952481855	
.	141	2	11	25	37	
.	141	5229	76564259	185247988	1952474493	
.	142	2	11	25	37	
.	142	2602	74119154	180898431	1952466972	
.	143	2	11	25	37	
.	143	2252	75240225	183132222	1952458986	
.	144	2	11	25	37	
.	144	8779	76661309	186611631	1952450850	
.	145	2	11	25	37	
.	145	9828	77736110	188773652	1952443009	
.	146	2	11	25	37	
.	146	1869	78539510	190317228	1952435022	
.	147	2	11	25	37	
.	147	7165	78213145	189743998	1952427409	
.	148	2	11	25	37	
.	148	8092	77112528	187745533	1952418843	
.	149	2	11	25	37	
.	149	3152	80355860	193082854	1952389939	
.	150	2	11	25	37	
.	150	7688	90342204	222284446	1811044606	
A	0	11	25	37	
A	0	7924933	23508083	433978014	
A	1	11	25	37	
A	1	8767712	28239042	445245285	
A	2	11	25	37	
A	2	7602636	24209744	490180857	
A	3	11	25	37	
A	3	7188816	23814393	392458685	
A	4	11	25	37	
A	4	9414745	31371069	604795030	
A	5	11	25	37	
A	5	7397853	27193579	619617080	
A	6	11	25	37	
A	6	6263508	22774393	546084094	
A	7	11	25	37	
A	7	7350425	27322225	603038002	
A	8	11	25	37	
A	8	4429831	16705816	386416680	
A	9	11	25	37	
A	9	6026686	22108646	501830654	
A	10	11	25	37	
A	10	4401607	16854151	461596090	
A	11	11	25	37	
A	11	5560826	20814830	469198356	
A	12	11	25	37	
A	12	4820223	18493723	441514263	
A	13	11	25	37	
A	13	4913260	18602729	441435127	
A	14	11	25	37	
A	14	6083796	23410244	522877374	
A	15	11	25	37	
A	15	6703463	25736738	521527324	
A	16	11	25	37	
A	16	6376516	24314318	525227865	
A	17	11	25	37	
A	17	6688319	25522926	512440788	
A	18	11	25	37	
A	18	6489696	24504459	506168594	
A	19	11	25	37	
A	19	6736444	25421340	508524763	
A	20	11	25	37	
A	20	6316104	23853274	500651796	
A	21	11	25	37	
A	21	6478948	24380949	506585034	
A	22	11	25	37	
A	22	6886069	26143649	511131440	
A	23	11	25	37	
A	23	8013254	30323864	504432060	
A	24	11	25	37	
A	24	6838515	25528922	496680378	
A	25	11	25	37	
A	25	8014066	27671889	503463043	
A	26	11	25	37	
A	26	7868732	26895522	505848115	
A	27	11	25	37	
A	27	7977300	27258555	509454831	
A	28	11	25	37	
A	28	7697033	26125322	506373676	
A	29	11	25	37	
A	29	7900330	26818161	507057954	
A	30	11	25	37	
A	30	8095047	27522380	498844125	
A	31	11	25	37	
A	31	8254728	27818754	510662785	
A	32	11	25	37	
A	32	8223483	27835478	507619841	
A	33	11	25	37	
A	33	8140426	27483614	498320786	
A	34	11	25	37	
A	34	8364154	27959404	507431822	
A	35	11	25	37	
A	35	8222919	27266398	502964740	
A	36	11	25	37	
A	36	8139047	26970601	497808437	
A	37	11	25	37	
A	37	8574352	28391763	502297746	
A	38	11	25	37	
A	38	8783512	28932449	505911480	
A	39	11	25	37	
A	39	8632058	28142166	499199991	
A	40	11	25	37	
A	40	9318015	30465901	504340839	
A	41	11	25	37	
A	41	9005929	29627786	510739493	
A	42	11	25	37	
A	42	9091592	29726897	503714479	
A	43	11	25	37	
A	43	9020896	28990117	501366276	
A	44	11	25	37	
A	44	9263447	30053088	499785129	
A	45	11	25	37	
A	45	8889147	28713472	495192030	
A	46	11	25	37	
A	46	9242538	29806156	501042226	
A	47	11	25	37	
A	47	9030828	28989754	503765150	
A	48	11	25	37	
A	48	12182515	35959733	501982566	
A	49	11	25	37	
A	49	9991673	31564106	503619440	
A	50	11	25	37	
A	50	9389391	29862240	500207083	
A	51	11	25	37	
A	51	9491162	30137818	499950290	
A	52	11	25	37	
A	52	9745294	30955679	501517523	
A	53	11	25	37	
A	53	9460827	29961389	502241704	
A	54	11	25	37	
A	54	9754863	30765156	498345477	
A	55	11	25	37	
A	55	10051770	31537426	505977523	
A	56	11	25	37	
A	56	10196353	31750888	503343448	
A	57	11	25	37	
A	57	9953589	31402712	495525414	
A	58	11	25	37	
A	58	9940918	30789351	502933216	
A	59	11	25	37	
A	59	10453206	32665686	502838539	
A	60	11	25	37	
A	60	10280204	31998772	496885230	
A	61	11	25	37	
A	61	10249308	31504853	505653713	
A	62	11	25	37	
A	62	10659819	32580589	501197764	
A	63	11	25	37	
A	63	10076220	31014960	496377424	
A	64	11	25	37	
A	64	10849896	33104781	502645396	
A	65	11	25	37	
A	65	13642070	36567661	506860432	
A	66	11	25	37	
A	66	13656311	39528151	505814073	
A	67	11	25	37	
A	67	14629726	39466587	510035674	
A	68	11	25	37	
A	68	16260211	41354595	511621805	
A	69	11	25	37	
A	69	12857027	36112213	500033123	
A	70	11	25	37	
A	70	11525804	34941005	501380197	
A	71	11	25	37	
A	71	11564294	35644930	501904716	
A	72	11	25	37	
A	72	11205837	33686459	497014346	
A	73	11	25	37	
A	73	12598419	37399856	503423005	
A	74	11	25	37	
A	74	12187103	36373824	503050393	
A	75	11	25	37	
A	75	11387853	33948388	496867627	
A	76	11	25	37	
A	76	11558403	34316591	502913544	
A	77	11	25	37	
A	77	11911291	35524773	500798927	
A	78	11	25	37	
A	78	11892642	35703162	497647050	
A	79	11	25	37	
A	79	12107548	36240980	501751269	
A	80	11	25	37	
A	80	12087175	35766998	500726569	
A	81	11	25	37	
A	81	12168709	36065320	497722397	
A	82	11	25	37	
A	82	12100614	35527751	502281549	
A	83	11	25	37	
A	83	12156550	35574852	501505880	
A	84	11	25	37	
A	84	12281151	36009452	497570532	
A	85	11	25	37	
A	85	12965111	37730492	506138449	
A	86	11	25	37	
A	86	13170882	38386186	504362178	
A	87	11	25	37	
A	87	13762175	38928560	501058550	
A	88	11	25	37	
A	88	14172983	39693070	504452720	
A	89	11	25	37	
A	89	13523117	38635290	499989196	
A	90	11	25	37	
A	90	13579869	38738534	495406717	
A	91	11	25	37	
A	91	13892637	39544624	500994016	
A	92	11	25	37	
A	92	13573445	38780799	499703758	
A	93	11	25	37	
A	93	13928738	39949819	495861441	
A	94	11	25	37	
A	94	14223613	40392499	500304391	
A	95	11	25	37	
A	95	13966957	39955169	498760890	
A	96	11	25	37	
A	96	14127181	40338911	495984856	
A	97	11	25	37	
A	97	14104960	39888465	499562811	
A	98	11	25	37	
A	98	14386272	40504540	498917994	
A	99	11	25	37	
A	99	14476089	40776841	494741290	
A	100	11	25	37	
A	100	14589659	40799590	500276122	
A	101	11	25	37	
A	101	14451827	40588511	497843851	
A	102	11	25	37	
A	102	14615372	41082922	495067445	
A	103	11	25	37	
A	103	14745314	40923849	499918771	
A	104	11	25	37	
A	104	14774863	41102805	499205248	
A	105	11	25	37	
A	105	14680770	41079294	495949036	
A	106	11	25	37	
A	106	15116467	41930184	500525568	
A	107	11	25	37	
A	107	16504906	44024556	498814879	
A	108	11	25	37	
A	108	16806980	44225223	494858942	
A	109	11	25	37	
A	109	16094460	43757459	499008950	
A	110	11	25	37	
A	110	17759330	46378443	497009585	
A	111	11	25	37	
A	111	17327909	45826774	495624468	
A	112	11	25	37	
A	112	16617785	44776463	498779662	
A	113	11	25	37	
A	113	17027458	45468946	498844885	
A	114	11	25	37	
A	114	16492224	44599484	496571805	
A	115	11	25	37	
A	115	16976249	45954478	498579106	
A	116	11	25	37	
A	116	17616990	46661403	498368846	
A	117	11	25	37	
A	117	17036844	45716034	493630551	
A	118	11	25	37	
A	118	17278412	46266388	497857753	
A	119	11	25	37	
A	119	17867787	47309726	496252969	
A	120	11	25	37	
A	120	17818460	47141280	493278069	
A	121	11	25	37	
A	121	17640547	46978800	496361302	
A	122	11	25	37	
A	122	18188365	48348726	496503181	
A	123	11	25	37	
A	123	17784383	47260358	493404924	
A	124	11	25	37	
A	124	18262904	48251891	497486216	
A	125	11	25	37	
A	125	18594396	48458034	495198005	
A	126	11	25	37	
A	126	19126964	49425282	492153914	
A	127	11	25	37	
A	127	18939887	49298499	496678061	
A	128	11	25	37	
A	128	18517638	48671351	493315463	
A	129	11	25	37	
A	129	18948159	49252790	491217636	
A	130	11	25	37	
A	130	18131263	47664819	481635214	
A	131	11	25	37	
A	131	18295814	48051898	481394799	
A	132	11	25	37	
A	132	19017280	49016889	478641968	
A	133	11	25	37	
A	133	18346880	48113767	481087979	
A	134	11	25	37	
A	134	18522311	48572345	481098292	
A	135	11	25	37	
A	135	18416590	48334562	477589909	
A	136	11	25	37	
A	136	19241448	50054153	481696613	
A	137	11	25	37	
A	137	19641252	50327858	479522177	
A	138	11	25	37	
A	138	19508186	50646976	476742310	
A	139	11	25	37	
A	139	19568842	50540116	480337630	
A	140	11	25	37	
A	140	19776709	50980124	478420536	
A	141	11	25	37	
A	141	20867404	52295990	475304740	
A	142	11	25	37	
A	142	20644596	52603566	478970271	
A	143	11	25	37	
A	143	21001547	53114200	477914970	
A	144	11	25	37	
A	144	21316725	53766644	474788250	
A	145	11	25	37	
A	145	21878619	55060390	479561049	
A	146	11	25	37	
A	146	22382134	55642513	477346845	
A	147	11	25	37	
A	147	22187816	55232519	474487287	
A	148	11	25	37	
A	148	21725150	54971085	477890539	
A	149	11	25	37	
A	149	22547713	56022325	475993606	
A	150	11	25	37	
A	150	28088973	68354344	447591059	
T	0	11	25	37	
T	0	7670064	21911005	321146591	
T	1	11	25	37	
T	1	23261601	56597143	613698802	
T	2	11	25	37	
T	2	15642586	41241062	540276337	
T	3	11	25	37	
T	3	19770018	49892105	632133779	
T	4	11	25	37	
T	4	15577048	42090699	600434817	
T	5	11	25	37	
T	5	7004025	20502290	408970294	
T	6	11	25	37	
T	6	9495476	26923902	473173522	
T	7	11	25	37	
T	7	7596298	22374376	432041730	
T	8	11	25	37	
T	8	8686922	24944124	444813281	
T	9	11	25	37	
T	9	11869107	34500082	561021405	
T	10	11	25	37	
T	10	7983975	23796450	471734839	
T	11	11	25	37	
T	11	11806899	34392125	543434897	
T	12	11	25	37	
T	12	9781648	29287718	499294735	
T	13	11	25	37	
T	13	9525110	28635754	492722077	
T	14	11	25	37	
T	14	8363149	25648738	455686179	
T	15	11	25	37	
T	15	9062241	27972706	475298629	
T	16	11	25	37	
T	16	9324002	28543752	499356471	
T	17	11	25	37	
T	17	9657760	30165417	513171408	
T	18	11	25	37	
T	18	9503993	28993967	503129367	
T	19	11	25	37	
T	19	9494425	29142231	505128311	
T	20	11	25	37	
T	20	9393476	28828777	502268940	
T	21	11	25	37	
T	21	9513109	29168807	497348275	
T	22	11	25	37	
T	22	9756162	30120332	503617692	
T	23	11	25	37	
T	23	9943660	30563807	501268924	
T	24	11	25	37	
T	24	10194695	31246007	506278657	
T	25	11	25	37	
T	25	11338772	32230880	504334755	
T	26	11	25	37	
T	26	11406210	32160498	500460929	
T	27	11	25	37	
T	27	11985409	33775335	496344928	
T	28	11	25	37	
T	28	11302580	31657141	499368410	
T	29	11	25	37	
T	29	11602424	32437305	502905289	
T	30	11	25	37	
T	30	11582176	32479507	497949900	
T	31	11	25	37	
T	31	11901700	33111513	497880768	
T	32	11	25	37	
T	32	11742611	32930802	499088112	
T	33	11	25	37	
T	33	11741135	32850652	499162877	
T	34	11	25	37	
T	34	11976546	33365911	505847970	
T	35	11	25	37	
T	35	11759875	32600156	502088765	
T	36	11	25	37	
T	36	11817942	32859321	503840186	
T	37	11	25	37	
T	37	11990320	33180880	510945036	
T	38	11	25	37	
T	38	12402132	33952345	500097486	
T	39	11	25	37	
T	39	12169428	33391196	501836341	
T	40	11	25	37	
T	40	12500869	34408498	500478802	
T	41	11	25	37	
T	41	12413793	34117403	501211955	
T	42	11	25	37	
T	42	12593762	34845926	504414229	
T	43	11	25	37	
T	43	12757663	34624789	502671375	
T	44	11	25	37	
T	44	16594125	39199733	510253811	
T	45	11	25	37	
T	45	14301825	36626576	501492912	
T	46	11	25	37	
T	46	12978564	35413756	503682021	
T	47	11	25	37	
T	47	13746960	36623339	507064944	
T	48	11	25	37	
T	48	13566671	36470862	501933221	
T	49	11	25	37	
T	49	13948698	37908625	511924580	
T	50	11	25	37	
T	50	13200286	35561672	502976444	
T	51	11	25	37	
T	51	13378909	35973763	498634736	
T	52	11	25	37	
T	52	13187823	35874388	499956662	
T	53	11	25	37	
T	53	12934455	34859822	502038301	
T	54	11	25	37	
T	54	15055216	39375618	505254395	
T	55	11	25	37	
T	55	13695728	36701757	503586368	
T	56	11	25	37	
T	56	15692175	40163569	508030217	
T	57	11	25	37	
T	57	14894646	39745778	508331913	
T	58	11	25	37	
T	58	13473327	36271045	502932045	
T	59	11	25	37	
T	59	16751023	41268456	507410998	
T	60	11	25	37	
T	60	14343072	37926678	500266245	
T	61	11	25	37	
T	61	13458691	36039898	499699525	
T	62	11	25	37	
T	62	17068381	42110269	508367116	
T	63	11	25	37	
T	63	15386447	40057677	504840251	
T	64	11	25	37	
T	64	16417727	41200510	504169970	
T	65	11	25	37	
T	65	14265166	37150174	498203792	
T	66	11	25	37	
T	66	14314790	37976022	496284515	
T	67	11	25	37	
T	67	14300886	37705924	501592670	
T	68	11	25	37	
T	68	14724559	38190349	497918188	
T	69	11	25	37	
T	69	14943729	38311730	499409153	
T	70	11	25	37	
T	70	14688950	38549287	498053754	
T	71	11	25	37	
T	71	14674843	38714201	497050715	
T	72	11	25	37	
T	72	14316497	37697265	495319563	
T	73	11	25	37	
T	73	15163935	39834277	498475638	
T	74	11	25	37	
T	74	15165117	39805363	499956853	
T	75	11	25	37	
T	75	14713919	38498776	496095485	
T	76	11	25	37	
T	76	14930132	38911366	500741968	
T	77	11	25	37	
T	77	15402258	40077205	500120350	
T	78	11	25	37	
T	78	15111831	39079218	495109556	
T	79	11	25	37	
T	79	15757790	40467959	501528229	
T	80	11	25	37	
T	80	15432543	39880046	497111858	
T	81	11	25	37	
T	81	15613218	40309327	496637592	
T	82	11	25	37	
T	82	15884841	40979607	502327789	
T	83	11	25	37	
T	83	15664824	40524884	500725455	
T	84	11	25	37	
T	84	15564937	40225943	495958701	
T	85	11	25	37	
T	85	15997465	41109797	497899883	
T	86	11	25	37	
T	86	16591517	41758718	497862622	
T	87	11	25	37	
T	87	15893309	40758935	495059538	
T	88	11	25	37	
T	88	16384949	41682312	498299244	
T	89	11	25	37	
T	89	17524803	43758645	497449002	
T	90	11	25	37	
T	90	16992903	43039820	496489422	
T	91	11	25	37	
T	91	17143832	43603185	498398314	
T	92	11	25	37	
T	92	17217197	44203289	498076067	
T	93	11	25	37	
T	93	17900571	44709923	497130664	
T	94	11	25	37	
T	94	18499698	45976954	499495469	
T	95	11	25	37	
T	95	17859569	44815720	498783650	
T	96	11	25	37	
T	96	18248627	45294066	497044170	
T	97	11	25	37	
T	97	18202786	45470729	499346679	
T	98	11	25	37	
T	98	18712147	46013501	498073734	
T	99	11	25	37	
T	99	19157145	46773153	498510792	
T	100	11	25	37	
T	100	18733900	46662983	499522322	
T	101	11	25	37	
T	101	17964352	45028167	498798666	
T	102	11	25	37	
T	102	18794637	46014832	498615153	
T	103	11	25	37	
T	103	18418637	46109072	500287176	
T	104	11	25	37	
T	104	18330180	45954887	499939198	
T	105	11	25	37	
T	105	17577250	44717628	496403626	
T	106	11	25	37	
T	106	17886354	45138057	498539124	
T	107	11	25	37	
T	107	19554307	48287557	498739596	
T	108	11	25	37	
T	108	20038016	48814116	497608556	
T	109	11	25	37	
T	109	19335793	47794659	498825384	
T	110	11	25	37	
T	110	19998336	48798584	495735482	
T	111	11	25	37	
T	111	19305745	47855382	495410454	
T	112	11	25	37	
T	112	18818315	47016295	497902424	
T	113	11	25	37	
T	113	19045170	47591364	496466088	
T	114	11	25	37	
T	114	18807438	46841552	494657261	
T	115	11	25	37	
T	115	19897234	48799216	497635987	
T	116	11	25	37	
T	116	19581177	48409058	495319640	
T	117	11	25	37	
T	117	20450335	49690332	494777793	
T	118	11	25	37	
T	118	19905118	48870999	496037511	
T	119	11	25	37	
T	119	20249641	49501047	494470413	
T	120	11	25	37	
T	120	20571011	49973714	492598176	
T	121	11	25	37	
T	121	19702886	48641520	494300989	
T	122	11	25	37	
T	122	20626661	49822254	494074464	
T	123	11	25	37	
T	123	20097730	49211760	492313923	
T	124	11	25	37	
T	124	20661256	49960562	495124055	
T	125	11	25	37	
T	125	21378884	51860171	494790228	
T	126	11	25	37	
T	126	21070357	51133754	491899900	
T	127	11	25	37	
T	127	20779486	50370912	494041618	
T	128	11	25	37	
T	128	20457775	49965911	492331738	
T	129	11	25	37	
T	129	21341721	51357730	491464942	
T	130	11	25	37	
T	130	20065896	49003270	479714066	
T	131	11	25	37	
T	131	19807402	48541424	479214199	
T	132	11	25	37	
T	132	20340009	49328917	477422337	
T	133	11	25	37	
T	133	20070588	49083746	480531438	
T	134	11	25	37	
T	134	20391294	49612316	478799896	
T	135	11	25	37	
T	135	19962824	48872341	477687239	
T	136	11	25	37	
T	136	20916518	50559484	479616547	
T	137	11	25	37	
T	137	22083405	52584538	479476031	
T	138	11	25	37	
T	138	21279425	50922049	476536845	
T	139	11	25	37	
T	139	20757970	50436351	478474877	
T	140	11	25	37	
T	140	21429110	51796196	476677390	
T	141	11	25	37	
T	141	23283413	55497095	476916293	
T	142	11	25	37	
T	142	22279364	52893417	478221596	
T	143	11	25	37	
T	143	22396182	53362220	477588879	
T	144	11	25	37	
T	144	22575255	54000601	475839753	
T	145	11	25	37	
T	145	23126573	54746561	477234738	
T	146	11	25	37	
T	146	23515526	55730107	476140389	
T	147	11	25	37	
T	147	23246133	55226062	474485615	
T	148	11	25	37	
T	148	22498034	53901197	476874085	
T	149	11	25	37	
T	149	23986640	56479624	476012624	
T	150	11	25	37	
T	150	25936653	63021154	446481209	
G	0	11	25	37	
G	0	31369240	78102953	728142553	
G	1	11	25	37	
G	1	9489395	28048293	433410279	
G	2	11	25	37	
G	2	9588524	27348478	456030572	
G	3	11	25	37	
G	3	5965966	18305793	391449890	
G	4	11	25	37	
G	4	5467342	17310247	411420016	
G	5	11	25	37	
G	5	8821641	27899173	576126425	
G	6	11	25	37	
G	6	8216650	25523879	533018877	
G	7	11	25	37	
G	7	7165007	22989373	513698419	
G	8	11	25	37	
G	8	7093376	21915449	499903886	
G	9	11	25	37	
G	9	5076155	16343552	416109341	
G	10	11	25	37	
G	10	9248894	28597636	633023487	
G	11	11	25	37	
G	11	6309006	19827399	468253225	
G	12	11	25	37	
G	12	7816123	24365954	550675814	
G	13	11	25	37	
G	13	6120982	19215409	471070316	
G	14	11	25	37	
G	14	6805374	21602013	509298620	
G	15	11	25	37	
G	15	6849584	21737611	502856607	
G	16	11	25	37	
G	16	6424799	20294329	487672994	
G	17	11	25	37	
G	17	6793495	21363736	486794609	
G	18	11	25	37	
G	18	6796519	21240862	497439675	
G	19	11	25	37	
G	19	6669896	20970088	493648888	
G	20	11	25	37	
G	20	6627376	20835163	500616124	
G	21	11	25	37	
G	21	6872365	21423333	499761865	
G	22	11	25	37	
G	22	6911522	21684750	492719527	
G	23	11	25	37	
G	23	6999344	21874836	491090920	
G	24	11	25	37	
G	24	7310901	22636123	500882867	
G	25	11	25	37	
G	25	8007334	23022117	495592891	
G	26	11	25	37	
G	26	8089709	23203749	491528038	
G	27	11	25	37	
G	27	8167730	23452014	497634742	
G	28	11	25	37	
G	28	8205612	23261884	503663648	
G	29	11	25	37	
G	29	8191883	23251313	494817806	
G	30	11	25	37	
G	30	8292389	23557783	500987460	
G	31	11	25	37	
G	31	8239615	23343829	493293169	
G	32	11	25	37	
G	32	8312728	23661561	491565866	
G	33	11	25	37	
G	33	8397457	23848765	497845624	
G	34	11	25	37	
G	34	8552038	24083119	493079336	
G	35	11	25	37	
G	35	8400591	23471032	495086380	
G	36	11	25	37	
G	36	8525609	23784738	501598294	
G	37	11	25	37	
G	37	8598277	23933155	493414228	
G	38	11	25	37	
G	38	8711496	24219300	494264286	
G	39	11	25	37	
G	39	8879118	24551729	501928914	
G	40	11	25	37	
G	40	9076930	25110075	500774732	
G	41	11	25	37	
G	41	8826361	24569732	490609642	
G	42	11	25	37	
G	42	8992233	25062784	496172362	
G	43	11	25	37	
G	43	9287392	25221532	493449679	
G	44	11	25	37	
G	44	10516860	26704035	490938743	
G	45	11	25	37	
G	45	9664886	25692409	496977049	
G	46	11	25	37	
G	46	9375817	25714274	497188647	
G	47	11	25	37	
G	47	9411059	25333545	494817838	
G	48	11	25	37	
G	48	9734244	26472592	499687844	
G	49	11	25	37	
G	49	9473845	25585779	490296308	
G	50	11	25	37	
G	50	10417689	27579989	495463414	
G	51	11	25	37	
G	51	9777921	26047440	497935275	
G	52	11	25	37	
G	52	9649419	26114652	490895511	
G	53	11	25	37	
G	53	9660046	26281784	494833801	
G	54	11	25	37	
G	54	9968557	26484856	497699646	
G	55	11	25	37	
G	55	9980203	26412997	489308589	
G	56	11	25	37	
G	56	10135253	26786761	488437160	
G	57	11	25	37	
G	57	10163085	26924413	496564367	
G	58	11	25	37	
G	58	10202045	26537833	492803713	
G	59	11	25	37	
G	59	10659080	27363987	489813571	
G	60	11	25	37	
G	60	10578675	28064998	501743856	
G	61	11	25	37	
G	61	10197963	26664170	492418157	
G	62	11	25	37	
G	62	10745319	27435747	489159158	
G	63	11	25	37	
G	63	10586302	27498025	494983926	
G	64	11	25	37	
G	64	11725159	30205480	496030724	
G	65	11	25	37	
G	65	10636309	27602419	492605687	
G	66	11	25	37	
G	66	10977108	28618472	498785794	
G	67	11	25	37	
G	67	10692162	27980653	491430268	
G	68	11	25	37	
G	68	11074961	28516706	489588830	
G	69	11	25	37	
G	69	15658194	33259338	500449659	
G	70	11	25	37	
G	70	16527783	36514818	503426880	
G	71	11	25	37	
G	71	13585741	34302133	498668732	
G	72	11	25	37	
G	72	11686648	31423454	503008318	
G	73	11	25	37	
G	73	11579398	30993752	502299324	
G	74	11	25	37	
G	74	11370413	29823891	497649107	
G	75	11	25	37	
G	75	11306234	29361148	503409470	
G	76	11	25	37	
G	76	11376683	29366532	499974062	
G	77	11	25	37	
G	77	11353274	29173946	498707690	
G	78	11	25	37	
G	78	11552603	29611595	504551484	
G	79	11	25	37	
G	79	11591042	29788003	499613425	
G	80	11	25	37	
G	80	11673795	30227184	502404187	
G	81	11	25	37	
G	81	11593640	29758606	503304983	
G	82	11	25	37	
G	82	11900194	30298040	499138044	
G	83	11	25	37	
G	83	11730915	29790370	498769540	
G	84	11	25	37	
G	84	12117580	30831841	506931906	
G	85	11	25	37	
G	85	11922667	30457615	499556456	
G	86	11	25	37	
G	86	11845362	30517367	498587825	
G	87	11	25	37	
G	87	12401092	31231002	504163141	
G	88	11	25	37	
G	88	12431494	31228814	500057200	
G	89	11	25	37	
G	89	15215801	34018880	502442641	
G	90	11	25	37	
G	90	15375867	35699457	507797742	
G	91	11	25	37	
G	91	13856634	34949900	503468007	
G	92	11	25	37	
G	92	13676439	33949725	502404783	
G	93	11	25	37	
G	93	12653167	32535418	507006380	
G	94	11	25	37	
G	94	12994852	32889527	503445077	
G	95	11	25	37	
G	95	12537361	31802649	501940920	
G	96	11	25	37	
G	96	12546014	32122749	507043218	
G	97	11	25	37	
G	97	13146733	32959402	503317586	
G	98	11	25	37	
G	98	12882838	32612484	503153942	
G	99	11	25	37	
G	99	13015669	32820993	507022696	
G	100	11	25	37	
G	100	13534138	33241551	503508350	
G	101	11	25	37	
G	101	14039680	34307471	504298707	
G	102	11	25	37	
G	102	13021551	32899239	506421050	
G	103	11	25	37	
G	103	14291647	34254689	503828366	
G	104	11	25	37	
G	104	14574532	34593492	503219086	
G	105	11	25	37	
G	105	14857623	35250274	510059814	
G	106	11	25	37	
G	106	15250291	35762219	505569869	
G	107	11	25	37	
G	107	14992224	35528486	504056882	
G	108	11	25	37	
G	108	15122298	36038108	508684540	
G	109	11	25	37	
G	109	16065737	36999233	507380948	
G	110	11	25	37	
G	110	15086211	36624993	508284253	
G	111	11	25	37	
G	111	14934133	36398191	511986530	
G	112	11	25	37	
G	112	15853932	37697643	509565517	
G	113	11	25	37	
G	113	15870396	37555087	508084821	
G	114	11	25	37	
G	114	16081560	37697126	513323477	
G	115	11	25	37	
G	115	16352301	38571884	511406038	
G	116	11	25	37	
G	116	16231952	38323553	510634122	
G	117	11	25	37	
G	117	16406840	38363411	516603676	
G	118	11	25	37	
G	118	17435338	40007159	513730420	
G	119	11	25	37	
G	119	17316939	39959132	513017230	
G	120	11	25	37	
G	120	16527284	39115515	518516813	
G	121	11	25	37	
G	121	16720026	39385577	516291764	
G	122	11	25	37	
G	122	16284179	38816618	514211157	
G	123	11	25	37	
G	123	17066134	39814492	520527034	
G	124	11	25	37	
G	124	16790396	39515304	516916529	
G	125	11	25	37	
G	125	17663454	40440427	516612560	
G	126	11	25	37	
G	126	16644071	39815360	521840735	
G	127	11	25	37	
G	127	17266764	40242331	518556100	
G	128	11	25	37	
G	128	17229200	40224892	520402021	
G	129	11	25	37	
G	129	17622992	40999404	524302815	
G	130	11	25	37	
G	130	17149093	39952857	510410950	
G	131	11	25	37	
G	131	17645986	41190543	510340578	
G	132	11	25	37	
G	132	17155658	40445412	515271764	
G	133	11	25	37	
G	133	17306941	40417264	512380793	
G	134	11	25	37	
G	134	17258514	40327010	512650731	
G	135	11	25	37	
G	135	17628756	41015457	517315260	
G	136	11	25	37	
G	136	17568459	41086061	514857947	
G	137	11	25	37	
G	137	18402672	42065692	513637231	
G	138	11	25	37	
G	138	17336513	41400691	519666740	
G	139	11	25	37	
G	139	18476142	42698575	517090483	
G	140	11	25	37	
G	140	18406337	42617022	517492253	
G	141	11	25	37	
G	141	19305136	43701015	520880825	
G	142	11	25	37	
G	142	18121853	42177222	518232039	
G	143	11	25	37	
G	143	18732272	43150261	518073191	
G	144	11	25	37	
G	144	19646934	45361979	523778918	
G	145	11	25	37	
G	145	19190905	44725833	520578020	
G	146	11	25	37	
G	146	19002193	44293575	521351563	
G	147	11	25	37	
G	147	19059195	44408276	526016947	
G	148	11	25	37	
G	148	19375120	44668979	522883152	
G	149	11	25	37	
G	149	20039421	45575227	522165101	
G	150	11	25	37	
G	150	19884366	49261041	467408738	
C	0	11	25	37	
C	0	12131190	33188619	516676511	
C	1	11	25	37	
C	1	12047830	34361862	507136490	
C	2	11	25	37	
C	2	9496181	26960329	513282112	
C	3	11	25	37	
C	3	9873332	28719745	584103283	
C	4	11	25	37	
C	4	3542490	11897068	383487999	
C	5	11	25	37	
C	5	3089966	10424650	395398046	
C	6	11	25	37	
C	6	3901284	12966202	447868544	
C	7	11	25	37	
C	7	3797040	12775805	451360094	
C	8	11	25	37	
C	8	8220277	25515024	669009941	
C	9	11	25	37	
C	9	5336683	17475921	521184424	
C	10	11	25	37	
C	10	3449597	11516957	433791306	
C	11	11	25	37	
C	11	4973135	16688350	519256090	
C	12	11	25	37	
C	12	4778299	15928427	508642017	
C	13	11	25	37	
C	13	5983135	19818550	594916716	
C	14	11	25	37	
C	14	4660178	15917175	512282949	
C	15	11	25	37	
C	15	4609881	15881335	500436768	
C	16	11	25	37	
C	16	4449390	15105260	487888467	
C	17	11	25	37	
C	17	4649467	15847053	487717113	
C	18	11	25	37	
C	18	4588725	15472843	493405530	
C	19	11	25	37	
C	19	4603587	15569503	492843862	
C	20	11	25	37	
C	20	4661538	15783645	496605300	
C	21	11	25	37	
C	21	4730428	15954172	496448744	
C	22	11	25	37	
C	22	4975518	16845782	492676974	
C	23	11	25	37	
C	23	5425526	18010472	503353679	
C	24	11	25	37	
C	24	5325564	17609540	496303648	
C	25	11	25	37	
C	25	5925362	18546525	496754785	
C	26	11	25	37	
C	26	5960447	18301361	502308368	
C	27	11	25	37	
C	27	6146591	18658009	496711196	
C	28	11	25	37	
C	28	5728908	17455357	490739713	
C	29	11	25	37	
C	29	5764465	17684766	495364386	
C	30	11	25	37	
C	30	5939951	18176261	502364269	
C	31	11	25	37	
C	31	5985205	18295123	498308974	
C	32	11	25	37	
C	32	6145857	18842809	501871467	
C	33	11	25	37	
C	33	6220140	19010273	504803681	
C	34	11	25	37	
C	34	6320473	18986312	493782891	
C	35	11	25	37	
C	35	6013284	18115358	500005935	
C	36	11	25	37	
C	36	6032983	18147914	496893298	
C	37	11	25	37	
C	37	6056730	18166937	493476756	
C	38	11	25	37	
C	38	6324906	19062632	499856503	
C	39	11	25	37	
C	39	6272459	18638775	497156665	
C	40	11	25	37	
C	40	6559752	19743536	494521691	
C	41	11	25	37	
C	41	6469756	19302263	497551060	
C	42	11	25	37	
C	42	6570779	19663173	495805339	
C	43	11	25	37	
C	43	6707338	19828703	502591772	
C	44	11	25	37	
C	44	6646129	19563900	499117234	
C	45	11	25	37	
C	45	7098036	21600642	506423700	
C	46	11	25	37	
C	46	7089472	20961600	498167098	
C	47	11	25	37	
C	47	6477455	19058012	494425641	
C	48	11	25	37	
C	48	6762605	20058522	496468340	
C	49	11	25	37	
C	49	6999918	20411867	493809711	
C	50	11	25	37	
C	50	6797487	19820591	501418673	
C	51	11	25	37	
C	51	8422315	23623807	503540653	
C	52	11	25	37	
C	52	7648737	22315470	507685705	
C	53	11	25	37	
C	53	6899550	20050270	500936482	
C	54	11	25	37	
C	54	7038932	20507315	498316001	
C	55	11	25	37	
C	55	8831724	24211441	501167637	
C	56	11	25	37	
C	56	7691319	22131612	500223886	
C	57	11	25	37	
C	57	7503004	21662376	499607531	
C	58	11	25	37	
C	58	10145770	24689961	501347814	
C	59	11	25	37	
C	59	7768188	21773795	499952429	
C	60	11	25	37	
C	60	7459162	21694289	501117781	
C	61	11	25	37	
C	61	9662462	24702693	502235592	
C	62	11	25	37	
C	62	7828461	22054749	501279302	
C	63	11	25	37	
C	63	7417785	21131693	503796708	
C	64	11	25	37	
C	64	7842934	22217163	497134853	
C	65	11	25	37	
C	65	7419020	21381154	502313938	
C	66	11	25	37	
C	66	7537099	21524747	499094586	
C	67	11	25	37	
C	67	7760795	21881716	496916190	
C	68	11	25	37	
C	68	8064015	22186177	500815058	
C	69	11	25	37	
C	69	7783371	21632234	500074565	
C	70	11	25	37	
C	70	7960038	22425071	497103851	
C	71	11	25	37	
C	71	8306757	23280991	502329038	
C	72	11	25	37	
C	72	7891705	22087690	504609609	
C	73	11	25	37	
C	73	8132034	23040086	495752740	
C	74	11	25	37	
C	74	8509133	24097274	499289393	
C	75	11	25	37	
C	75	8216388	22801517	503548972	
C	76	11	25	37	
C	76	8006968	22318883	496302159	
C	77	11	25	37	
C	77	8491787	23516559	500304130	
C	78	11	25	37	
C	78	8554729	23546268	502616531	
C	79	11	25	37	
C	79	8434788	23222453	497027958	
C	80	11	25	37	
C	80	8707838	24067185	499674260	
C	81	11	25	37	
C	81	9060815	25639524	502245981	
C	82	11	25	37	
C	82	8451642	23263150	496157837	
C	83	11	25	37	
C	83	8359605	23106524	498895817	
C	84	11	25	37	
C	84	8449674	23377688	499434140	
C	85	11	25	37	
C	85	8669739	23891220	496291526	
C	86	11	25	37	
C	86	8908677	24495216	499074550	
C	87	11	25	37	
C	87	8773452	24065870	499600666	
C	88	11	25	37	
C	88	8987958	24579727	497059256	
C	89	11	25	37	
C	89	9287765	25467296	499988651	
C	90	11	25	37	
C	90	9533350	26232292	500164960	
C	91	11	25	37	
C	91	9525143	26085081	496993357	
C	92	11	25	37	
C	92	9234232	25246750	499662241	
C	93	11	25	37	
C	93	9907108	26581145	499853389	
C	94	11	25	37	
C	94	9672616	26225736	496566506	
C	95	11	25	37	
C	95	9878620	26544896	500357104	
C	96	11	25	37	
C	96	10102164	27184058	499741946	
C	97	11	25	37	
C	97	9803998	26421559	497603729	
C	98	11	25	37	
C	98	10020381	27056453	499681140	
C	99	11	25	37	
C	99	10466683	28061450	499547427	
C	100	11	25	37	
C	100	9647589	26155506	496510416	
C	101	11	25	37	
C	101	9633647	26167800	498873149	
C	102	11	25	37	
C	102	10064946	26988070	499704186	
C	103	11	25	37	
C	103	10007348	27216071	495765958	
C	104	11	25	37	
C	104	9681204	26130602	497432924	
C	105	11	25	37	
C	105	9610421	26033106	497376404	
C	106	11	25	37	
C	106	9879764	26482535	495143847	
C	107	11	25	37	
C	107	10390558	28001722	498159015	
C	108	11	25	37	
C	108	10991629	29460258	498620805	
C	109	11	25	37	
C	109	10318575	27805326	494553354	
C	110	11	25	37	
C	110	10626479	28341787	498724738	
C	111	11	25	37	
C	111	10633065	28646024	496735499	
C	112	11	25	37	
C	112	10420938	28030295	493496083	
C	113	11	25	37	
C	113	10543314	28211782	496352066	
C	114	11	25	37	
C	114	10538685	27900844	495191315	
C	115	11	25	37	
C	115	10772879	28575170	492111129	
C	116	11	25	37	
C	116	11235178	29702455	495407499	
C	117	11	25	37	
C	117	11137132	29392739	494715028	
C	118	11	25	37	
C	118	10876086	28792702	492095113	
C	119	11	25	37	
C	119	11320509	29622917	495959116	
C	120	11	25	37	
C	120	11339792	29655740	495298530	
C	121	11	25	37	
C	121	11242159	29663614	492735485	
C	122	11	25	37	
C	122	11664277	30232542	494904329	
C	123	11	25	37	
C	123	11254499	29572477	493433650	
C	124	11	25	37	
C	124	11405128	29918817	490160064	
C	125	11	25	37	
C	125	11647727	30555569	493069537	
C	126	11	25	37	
C	126	12106853	31292240	493775274	
C	127	11	25	37	
C	127	11976177	31235196	490391936	
C	128	11	25	37	
C	128	11812218	30820163	493606049	
C	129	11	25	37	
C	129	11754170	31029420	492657820	
C	130	11	25	37	
C	130	11692202	30256792	480784505	
C	131	11	25	37	
C	131	11314669	29533965	481595430	
C	132	11	25	37	
C	132	11707359	30259939	481199638	
C	133	11	25	37	
C	133	11645171	30174230	478525343	
C	134	11	25	37	
C	134	11471728	29780832	479972791	
C	135	11	25	37	
C	135	11936435	30870775	479924711	
C	136	11	25	37	
C	136	11887943	30752609	476339727	
C	137	11	25	37	
C	137	12532815	32480512	479868169	
C	138	11	25	37	
C	138	12578273	32353676	479549443	
C	139	11	25	37	
C	139	12090009	31145127	476580793	
C	140	11	25	37	
C	140	12481568	31932100	479888596	
C	141	11	25	37	
C	141	13103077	33748659	479367406	
C	142	11	25	37	
C	142	13070739	33221624	477040464	
C	143	11	25	37	
C	143	13107972	33503289	478879694	
C	144	11	25	37	
C	144	13113616	33473628	478035150	
C	145	11	25	37	
C	145	13530185	34231040	475059374	
C	146	11	25	37	
C	146	13637788	34649164	477594356	
C	147	11	25	37	
C	147	13712836	34869976	477430395	
C	148	11	25	37	
C	148	13506132	34196180	474762975	
C	149	11	25	37	
C	149	13778934	35002526	478215456	
C	150	11	25	37	
C	150	16424524	41640219	449555912	
N	0	2	
N	0	202155	
N	1	2	
N	1	654968	
N	2	2	
N	2	375946	
N	3	2	
N	3	187	
N	4	2	
N	4	7962	
N	5	2	
N	5	33979	
N	6	2	
N	6	787	
N	7	2	
N	7	7579	
N	8	2	
N	8	2036	
N	9	
N	9	
N	10	2	
N	10	102	
N	11	2	
N	11	3256	
N	12	2	
N	12	18995	
N	13	2	
N	13	1588	
N	14	2	
N	14	702	
N	15	2	
N	15	26496	
N	16	2	
N	16	27	
N	17	2	
N	17	21906	
N	18	2	
N	18	2658	
N	19	
N	19	
N	20	2	
N	20	3664	
N	21	2	
N	21	1906	
N	22	2	
N	22	191	
N	23	2	
N	23	241	
N	24	2	
N	24	274	
N	25	2	
N	25	350	
N	26	2	
N	26	374	
N	27	2	
N	27	127	
N	28	2	
N	28	377	
N	29	2	
N	29	389	
N	30	2	
N	30	70	
N	31	2	
N	31	128	
N	32	2	
N	32	538	
N	33	2	
N	33	12856	
N	34	2	
N	34	3805	
N	35	2	
N	35	4	
N	36	2	
N	36	255	
N	37	2	
N	37	1374	
N	38	2	
N	38	86	
N	39	2	
N	39	2553	
N	40	2	
N	40	2313	
N	41	2	
N	41	679	
N	42	2	
N	42	999	
N	43	2	
N	43	22977	
N	44	2	
N	44	1802	
N	45	2	
N	45	5762	
N	46	2	
N	46	6397	
N	47	2	
N	47	7452	
N	48	2	
N	48	4162	
N	49	2	
N	49	421307	
N	50	2	
N	50	493	
N	51	2	
N	51	177	
N	52	2	
N	52	639	
N	53	2	
N	53	382	
N	54	2	
N	54	430083	
N	55	2	
N	55	268	
N	56	2	
N	56	242	
N	57	2	
N	57	374	
N	58	2	
N	58	7455	
N	59	2	
N	59	3455	
N	60	2	
N	60	690	
N	61	2	
N	61	1879	
N	62	2	
N	62	285	
N	63	2	
N	63	95	
N	64	2	
N	64	12510	
N	65	2	
N	65	4587	
N	66	2	
N	66	4426	
N	67	2	
N	67	3933	
N	68	2	
N	68	29835	
N	69	2	
N	69	2686	
N	70	2	
N	70	185	
N	71	2	
N	71	7516	
N	72	2	
N	72	3633	
N	73	2	
N	73	443	
N	74	2	
N	74	1008	
N	75	2	
N	75	20359	
N	76	2	
N	76	5489	
N	77	2	
N	77	1206	
N	78	2	
N	78	2488	
N	79	2	
N	79	1432	
N	80	2	
N	80	188	
N	81	2	
N	81	1091	
N	82	2	
N	82	1891	
N	83	2	
N	83	5468	
N	84	2	
N	84	1982	
N	85	2	
N	85	6202	
N	86	2	
N	86	384	
N	87	2	
N	87	943	
N	88	2	
N	88	9454	
N	89	2	
N	89	3603	
N	90	2	
N	90	9379	
N	91	2	
N	91	9737	
N	92	2	
N	92	11908	
N	93	2	
N	93	1717	
N	94	2	
N	94	36984	
N	95	2	
N	95	1162	
N	96	2	
N	96	24726	
N	97	2	
N	97	3034	
N	98	2	
N	98	2317	
N	99	2	
N	99	2248	
N	100	2	
N	100	2549	
N	101	2	
N	101	455	
N	102	2	
N	102	2365	
N	103	2	
N	103	4740	
N	104	2	
N	104	2848	
N	105	2	
N	105	5158	
N	106	2	
N	106	10379	
N	107	2	
N	107	12601	
N	108	2	
N	108	4766	
N	109	2	
N	109	3452	
N	110	2	
N	110	12509	
N	111	2	
N	111	3728	
N	112	2	
N	112	11618	
N	113	2	
N	113	2073	
N	114	2	
N	114	509	
N	115	2	
N	115	6708	
N	116	2	
N	116	3312	
N	117	2	
N	117	461	
N	118	2	
N	118	1007	
N	119	2	
N	119	15812	
N	120	2	
N	120	18445	
N	121	2	
N	121	14772	
N	122	2	
N	122	5957	
N	123	2	
N	123	13414	
N	124	2	
N	124	593	
N	125	2	
N	125	11371	
N	126	2	
N	126	5361	
N	127	2	
N	127	1465	
N	128	2	
N	128	7937	
N	129	2	
N	129	13685	
N	130	2	
N	130	7873	
N	131	2	
N	131	865	
N	132	2	
N	132	3476	
N	133	2	
N	133	6953	
N	134	2	
N	134	3793	
N	135	2	
N	135	1474	
N	136	2	
N	136	613	
N	137	2	
N	137	314	
N	138	2	
N	138	1269	
N	139	2	
N	139	5496	
N	140	2	
N	140	3080	
N	141	2	
N	141	5229	
N	142	2	
N	142	2602	
N	143	2	
N	143	2252	
N	144	2	
N	144	8779	
N	145	2	
N	145	9828	
N	146	2	
N	146	1869	
N	147	2	
N	147	7165	
N	148	2	
N	148	8092	
N	149	2	
N	149	3152	
N	150	2	
N	150	7688	
