.	0	2	11	12	23	25	37	
.	0	635891	46919549	47920351	48461584	134416561	1970186773	
.	1	2	11	12	23	25	37	
.	1	84645	48044126	49083784	49143445	134938183	1970186773	
.	2	2	11	12	23	25	37	
.	2	1784	40588801	41188592	41538247	115407658	1970186773	
.	3	2	11	12	23	25	37	
.	3	270	41043516	41315946	41919666	114011265	1970186773	
.	4	2	11	12	23	25	37	
.	4	363	36425863	36534722	37229508	108529521	1970186773	
.	5	2	11	12	23	25	37	
.	5	5745	31707226	31889412	32567895	95120354	1970186773	
.	6	2	11	12	23	25	37	
.	6	83	35039234	35195482	35906367	101673172	1970186773	
.	7	2	11	12	23	25	37	
.	7	1365	33975356	34109294	34824625	97785325	1970186773	
.	8	2	11	12	23	25	37	
.	8	747	32917703	33029262	33751619	91183344	1970186773	
.	9	2	11	12	23	25	37	
.	9	9436	37152766	37237246	37989917	102608888	1970186773	
.	10	2	11	12	23	25	37	
.	10	10333	32346239	32450390	33163592	89569677	1970186773	
.	11	2	11	12	23	25	37	
.	11	1998	36398276	36495786	37224685	101146794	1970186773	
.	12	2	11	12	23	25	37	
.	12	11234	34350886	34450629	35176729	96684588	1970186773	
.	13	2	11	12	23	25	37	
.	13	33109	35832454	35980539	36685331	99099053	1970186773	
.	14	2	11	12	23	25	37	
.	14	1166	34643769	34766567	35490390	97077195	1970186773	
.	15	2	11	12	23	25	37	
.	15	4197	35244270	35367562	36084494	99771925	1970186773	
.	16	2	11	12	23	25	37	
.	16	2022	36274419	36418934	37110735	102793777	1970186773	
.	17	2	11	12	23	25	37	
.	17	1126	35747149	35863811	36563862	102002078	1970186773	
.	18	2	11	12	23	25	37	
.	18	2342	35789101	35905505	36617175	100331142	1970186773	
.	19	2	11	12	23	25	37	
.	19	14008	36598041	36757409	37436513	101392239	1970186773	
.	20	2	11	12	23	25	37	
.	20	3012	35975187	36108297	36817700	100144522	1970186773	
.	21	2	11	12	23	25	37	
.	21	9789	36056425	36239324	36942334	100827432	1970186773	
.	22	2	11	12	23	25	37	
.	22	673	35645738	35788420	36504305	99558738	1970186773	
.	23	2	11	12	23	25	37	
.	23	319	37059761	37233195	37928559	103480639	1970186773	
.	24	2	11	12	23	25	37	
.	24	459	37774022	37982810	38645550	103802057	1970186773	
.	25	2	11	12	23	25	37	
.	25	226	39334693	39533624	40200096	107179571	1970186773	
.	26	2	11	12	23	25	37	
.	26	4723	38204354	38415666	39087138	103543436	1970186773	
.	27	2	11	12	23	25	37	
.	27	260	39427875	39645416	40295237	107632529	1970186773	
.	28	2	11	12	23	25	37	
.	28	2959	39224977	39477195	40116074	106719698	1970186773	
.	29	2	11	12	23	25	37	
.	29	93	39801279	40059851	40692774	109118918	1970186773	
.	30	2	11	12	23	25	37	
.	30	2342	39463094	39752285	40363436	107148592	1970186773	
.	31	2	11	12	23	25	37	
.	31	798	40384542	40657295	41288905	109044520	1970186773	
.	32	2	11	12	23	25	37	
.	32	183	40391852	40659683	41296071	109159209	1970186773	
.	33	2	11	12	23	25	37	
.	33	114	41414591	41699246	42321511	112359378	1970186773	
.	34	2	11	12	23	25	37	
.	34	448	40893476	41229970	41816294	110455302	1970186773	
.	35	2	11	12	23	25	37	
.	35	6634	41154673	41558901	42098794	110176345	1970186773	
.	36	2	11	12	23	25	37	
.	36	1219	42426772	42894693	43386002	113519084	1970183901	
.	37	2	11	12	23	25	37	
.	37	2501	42134066	42644415	43097954	113118956	1970181154	
.	38	2	11	12	23	25	37	
.	38	28129	44209406	44677586	45168627	118299836	1970178010	
.	39	2	11	12	23	25	37	
.	39	6606	43258822	43799324	44237417	116263574	1970174999	
.	40	2	11	12	23	25	37	
.	40	2917	42162455	42749166	43149878	113069155	1970172048	
.	41	2	11	12	23	25	37	
.	41	2546	42325461	43000655	43334155	112517405	1970168740	
.	42	2	11	12	23	25	37	
.	42	9886	44300895	44847652	45292274	118611201	1970165791	
.	43	2	11	12	23	25	37	
.	43	7932	43310050	44019754	44334653	115393445	1970162571	
.	44	2	11	12	23	25	37	
.	44	1115	44832077	45585890	45863040	118316440	1970159181	
.	45	2	11	12	23	25	37	
.	45	2753	45543208	46299318	46577920	120705348	1970156087	
.	46	2	11	12	23	25	37	
.	46	2351	46137732	46912426	47177678	120516096	1970152834	
.	47	2	11	12	23	25	37	
.	47	2608	46376600	47229119	47443995	121076007	1970149509	
.	48	2	11	12	23	25	37	
.	48	3287	45035889	45949977	46140290	119934536	1970146309	
.	49	2	11	12	23	25	37	
.	49	4538	46734246	47665945	47837064	120726002	1970142737	
.	50	2	11	12	23	25	37	
.	50	8664	46442730	47444879	47570840	122175904	1970139545	
.	51	2	11	12	23	25	37	
.	51	60953	46236506	47255541	47374682	119016672	1970136468	
.	52	2	11	12	23	25	37	
.	52	10073	46274837	47313415	47403800	122571695	1970132939	
.	53	2	11	12	23	25	37	
.	53	4221	46205796	47236813	47350279	123185861	1970129865	
.	54	2	11	12	23	25	37	
.	54	26793	48188083	49263311	49341384	125857868	1970126859	
.	55	2	11	12	23	25	37	
.	55	5962	46080847	47149144	47224180	121991913	1970124055	
.	56	2	11	12	23	25	37	
.	56	2895	46804875	47917604	47961870	125522013	1970121302	
.	57	2	11	12	23	25	37	
.	57	2318	49512782	50625019	50683712	128872076	1970118339	
.	58	2	11	12	23	25	37	
.	58	1633	49260906	50393973	50446745	128832152	1970115261	
.	59	2	11	12	23	25	37	
.	59	1899	47449556	48648857	48664342	126910482	1970112170	
.	60	2	11	12	23	25	37	
.	60	7735	49282426	50452147	50476786	129872693	1970109243	
.	61	2	11	12	23	25	37	
.	61	14385	48873944	50067217	50084461	127563680	1970106372	
.	62	2	11	12	23	25	37	
.	62	9726	48748375	49924909	49950590	130051916	1970103729	
.	63	2	11	12	23	25	37	
.	63	46534	51305843	52493122	52518868	133285830	1970100851	
.	64	2	11	12	23	25	37	
.	64	11016	54426901	55657995	55690343	138356144	1970098271	
.	65	2	11	12	23	25	37	
.	65	19608	53593862	54879110	54898479	137472919	1970095718	
.	66	2	11	12	23	25	37	
.	66	16799	53888917	55140675	55154597	134764295	1970093226	
.	67	2	11	12	23	25	37	
.	67	4965	53739885	54991572	55014035	137669928	1970090393	
.	68	2	11	12	23	25	37	
.	68	2186	54669341	55912791	55932895	136995700	1970087725	
.	69	2	11	12	23	25	37	
.	69	2730	54260283	55559993	55592844	136573066	1970084950	
.	70	2	11	12	23	25	37	
.	70	4658	54916472	56209519	56249678	136700687	1970081911	
.	71	2	11	12	23	25	37	
.	71	7856	53279812	54597622	54634293	138155337	1970078691	
.	72	2	11	12	23	25	37	
.	72	3910	54093278	55427379	55466466	139765281	1970075957	
.	73	2	11	12	23	25	37	
.	73	3923	54993131	56361372	56404510	138192379	1970072974	
.	74	2	11	12	23	25	37	
.	74	2667	53619766	54979300	55017073	138353756	1970069691	
.	75	2	11	12	23	25	37	
.	75	1398	54833049	56201800	56246532	139642136	1970066593	
.	76	2	11	12	23	25	37	
.	76	12344	57870446	59228697	59270568	144137150	1970063559	
.	77	2	11	12	23	25	37	
.	77	3559	57367713	58709396	58756885	144769829	1970060536	
.	78	2	11	12	23	25	37	
.	78	3598	55037981	56394572	56453403	141176550	1970057586	
.	79	2	11	12	23	25	37	
.	79	5961	56493741	57951473	58009277	141908611	1970054375	
.	80	2	11	12	23	25	37	
.	80	1668	57679384	59109028	59169073	144812574	1970051115	
.	81	2	11	12	23	25	37	
.	81	3302	56647348	58066082	58124932	146115755	1970048299	
.	82	2	11	12	23	25	37	
.	82	4083	58583646	59993179	60043760	150014221	1970045404	
.	83	2	11	12	23	25	37	
.	83	4529	59367422	60799175	60877398	148939281	1970042624	
.	84	2	11	12	23	25	37	
.	84	4064	60257867	61737374	61797519	151413757	1970039820	
.	85	2	11	12	23	25	37	
.	85	17013	60794154	62284801	62367556	151014546	1970036805	
.	86	2	11	12	23	25	37	
.	86	12248	61320448	62798712	62884336	151667217	1970033879	
.	87	2	11	12	23	25	37	
.	87	12904	61852595	63306086	63391363	154236261	1970030845	
.	88	2	11	12	23	25	37	
.	88	11656	61592436	63097993	63185291	153337147	1970027927	
.	89	2	11	12	23	25	37	
.	89	42384	64395545	65946567	66059395	158978395	1970024986	
.	90	2	11	12	23	25	37	
.	90	8431	63558454	65074833	65176573	157085442	1970021906	
.	91	2	11	12	23	25	37	
.	91	16944	64127591	65675468	65782684	158019498	1970018283	
.	92	2	11	12	23	25	37	
.	92	2735	66014555	67602439	67729502	161912203	1970015043	
.	93	2	11	12	23	25	37	
.	93	10962	65316897	66915834	67043411	160053169	1970011728	
.	94	2	11	12	23	25	37	
.	94	13371	65951495	67599484	67760864	160861515	1970008196	
.	95	2	11	12	23	25	37	
.	95	11658	64851906	66502229	66682847	159574547	1970004578	
.	96	2	11	12	23	25	37	
.	96	4488	63880377	65506185	65667499	160250156	1970001122	
.	97	2	11	12	23	25	37	
.	97	3054	64604636	66205793	66346965	160508561	1969997416	
.	98	2	11	12	23	25	37	
.	98	4874	64956085	66587690	66720060	164102075	1969994120	
.	99	2	11	12	23	25	37	
.	99	3118	65894934	67508931	67670576	164842758	1969990676	
.	100	2	11	12	23	25	37	
.	100	6200	66186600	67808774	67980273	167477977	1969986884	
.	101	2	11	12	23	25	37	
.	101	12232	65282988	66921969	67118233	163721343	1969983527	
.	102	2	11	12	23	25	37	
.	102	9107	67782618	69526154	69740297	167996875	1969979955	
.	103	2	11	12	23	25	37	
.	103	4340	68025442	69712367	69942478	169827770	1969976635	
.	104	2	11	12	23	25	37	
.	104	8206	68411881	70039925	70233792	171951955	1969973066	
.	105	2	11	12	23	25	37	
.	105	3058	68723657	70395021	70630103	171536098	1969969456	
.	106	2	11	12	23	25	37	
.	106	5984	70535277	72248330	72517898	169482207	1969965817	
.	107	2	11	12	23	25	37	
.	107	2562	70849162	72567985	72829283	173999262	1969962476	
.	108	2	11	12	23	25	37	
.	108	8702	70458483	72208899	72505122	176522109	1969959036	
.	109	2	11	12	23	25	37	
.	109	14478	71387968	73168196	73508655	175915584	1969955105	
.	110	2	11	12	23	25	37	
.	110	4865	72092471	73874405	74260201	177671672	1969951248	
.	111	2	11	12	23	25	37	
.	111	18423	73753031	75633111	76196898	180853403	1969947649	
.	112	2	11	12	23	25	37	
.	112	10236	75029427	76879206	77364601	182057161	1969943885	
.	113	2	11	12	23	25	37	
.	113	14809	75108463	76966575	77517326	187833661	1969940339	
.	114	2	11	12	23	25	37	
.	114	33725	76990282	78879872	79432665	186783127	1969936099	
.	115	2	11	12	23	25	37	
.	115	14037	76710088	78660721	79367693	187391286	1969932427	
.	116	2	11	12	23	25	37	
.	116	9300	81184123	83130717	83723140	189412592	1969927777	
.	117	2	11	12	23	25	37	
.	117	27483	77382984	79357708	80108562	187498662	1969923506	
.	118	2	11	12	23	25	37	
.	118	8612	75673732	77602664	78428401	186603806	1969919239	
.	119	2	11	12	23	25	37	
.	119	5406	76768714	78705848	79498518	190209927	1969914957	
.	120	2	11	12	23	25	37	
.	120	4836	77173217	79176858	80024567	187103798	1969910373	
.	121	2	11	12	23	25	37	
.	121	7237	77235979	79242558	80138417	192666358	1969905909	
.	122	2	11	12	23	25	37	
.	122	7764	78897178	80882192	81723090	190378494	1969901421	
.	123	2	11	12	23	25	37	
.	123	2876	79968667	81988899	82949830	191530567	1969896659	
.	124	2	11	12	23	25	37	
.	124	7793	79042347	81067795	81968975	192124965	1969892030	
.	125	2	11	12	23	25	37	
.	125	5782	83495815	85577900	86595410	195190242	1969887314	
.	126	2	11	12	23	25	37	
.	126	8759	84671076	86781254	87985394	196758619	1969882777	
.	127	2	11	12	23	25	37	
.	127	3665	79934226	81924814	83029318	195923482	1969878120	
.	128	2	11	12	23	25	37	
.	128	7473	81339134	83323001	84324654	200544259	1969873350	
.	129	2	11	12	23	25	37	
.	129	9239	83904384	86029777	87261943	203593970	1969868669	
.	130	2	11	12	23	25	37	
.	130	3131	80283303	82458976	83911888	194927783	1893142496	
.	131	2	11	12	23	25	37	
.	131	3568	83124385	85236867	86455277	194690406	1893137227	
.	132	2	11	12	23	25	37	
.	132	4061	81547974	83781121	85270926	193480950	1893132415	
.	133	2	11	12	23	25	37	
.	133	3263	82327369	84533583	86037021	194321983	1893127639	
.	134	2	11	12	23	25	37	
.	134	5434	80994900	83158502	84533979	192841414	1893122345	
.	135	2	11	12	23	25	37	
.	135	3376	87072079	89265024	90725976	204319755	1893117193	
.	136	2	11	12	23	25	37	
.	136	13997	88396567	90700420	92332687	208958517	1893112006	
.	137	2	11	12	23	25	37	
.	137	21074	85625376	87897497	89522929	204246957	1893106112	
.	138	2	11	12	23	25	37	
.	138	7729	85461140	87843622	89645844	202693978	1893100679	
.	139	2	11	12	23	25	37	
.	139	18130	87812624	90109080	91796194	207430740	1893095328	
.	140	2	11	12	23	25	37	
.	140	34628	90751863	93111096	94859394	213057095	1893089816	
.	141	2	11	12	23	25	37	
.	141	11738	90752826	93088396	94982422	210829927	1893084579	
.	142	2	11	12	23	25	37	
.	142	15746	87076018	89310497	91036850	209219097	1893078850	
.	143	2	11	12	23	25	37	
.	143	4775	88722557	91058375	92878839	209840958	1893073105	
.	144	2	11	12	23	25	37	
.	144	1468	88538957	91481588	93670183	209033422	1893067176	
.	145	2	11	12	23	25	37	
.	145	1695	87123123	89973304	92132774	208187124	1893061213	
.	146	2	11	12	23	25	37	
.	146	4622	89688593	92245409	94213013	209275278	1893055243	
.	147	2	11	12	23	25	37	
.	147	2345	92487603	95050125	97048584	214288222	1893049300	
.	148	2	11	12	23	25	37	
.	148	5831	88186100	90652556	92629943	212398358	1893042868	
.	149	2	11	12	23	25	37	
.	149	3624	92152439	94529951	96438266	214886725	1893020354	
.	150	2	11	25	37	
.	150	4895	96182093	233363114	1725729531	
A	0	11	12	23	25	37	
A	0	7035846	7286326	7422785	26011552	437454177	
A	1	11	12	23	25	37	
A	1	10913443	11228106	11246142	33099358	444081806	
A	2	11	12	23	25	37	
A	2	9914930	10100620	10207718	31845489	491955477	
A	3	11	12	23	25	37	
A	3	8603336	8693047	8891550	26036590	386095899	
A	4	11	12	23	25	37	
A	4	11216968	11250510	11467662	38287870	609900824	
A	5	11	12	23	25	37	
A	5	9769510	9824458	10032584	34134489	623151371	
A	6	11	12	23	25	37	
A	6	9594129	9644526	9875171	32487910	542839393	
A	7	11	12	23	25	37	
A	7	10152802	10193498	10413243	34005790	598324260	
A	8	11	12	23	25	37	
A	8	6955136	6989335	7213290	21366939	384708535	
A	9	11	12	23	25	37	
A	9	9276959	9303793	9545931	28809244	495197650	
A	10	11	12	23	25	37	
A	10	7296878	7328139	7546659	23007698	461223977	
A	11	11	12	23	25	37	
A	11	8560816	8589324	8805528	26789710	470735647	
A	12	11	12	23	25	37	
A	12	7695065	7725800	7955266	24935615	439162773	
A	13	11	12	23	25	37	
A	13	8099678	8144203	8360208	24801603	434637689	
A	14	11	12	23	25	37	
A	14	8876702	8913358	9130915	28607609	518493229	
A	15	11	12	23	25	37	
A	15	9083752	9120041	9335203	29517736	523736578	
A	16	11	12	23	25	37	
A	16	9541296	9583805	9790927	30874957	521941260	
A	17	11	12	23	25	37	
A	17	9193986	9227817	9432894	29932399	513676825	
A	18	11	12	23	25	37	
A	18	9035306	9069681	9278205	28835965	506915599	
A	19	11	12	23	25	37	
A	19	9147467	9194616	9395109	29202706	509787355	
A	20	11	12	23	25	37	
A	20	9014120	9053037	9262030	28724926	505025428	
A	21	11	12	23	25	37	
A	21	9231550	9286245	9498354	29240378	501759602	
A	22	11	12	23	25	37	
A	22	9097515	9140213	9354561	28407947	503930767	
A	23	11	12	23	25	37	
A	23	9332878	9383650	9589072	29574194	503321181	
A	24	11	12	23	25	37	
A	24	9447785	9509391	9707595	29532062	500501637	
A	25	11	12	23	25	37	
A	25	10257058	10316075	10516509	31817987	507224689	
A	26	11	12	23	25	37	
A	26	9724357	9786398	9985520	29857561	510272741	
A	27	11	12	23	25	37	
A	27	10418091	10482305	10674677	32189909	504894684	
A	28	11	12	23	25	37	
A	28	10002698	10078601	10267398	30903660	508124045	
A	29	11	12	23	25	37	
A	29	10233834	10311244	10498484	32454763	509162206	
A	30	11	12	23	25	37	
A	30	9779896	9867648	10050182	30575031	500233225	
A	31	11	12	23	25	37	
A	31	10033112	10115086	10304731	31155268	505874978	
A	32	11	12	23	25	37	
A	32	10000021	10079389	10269010	31171581	503880341	
A	33	11	12	23	25	37	
A	33	10425245	10511141	10699530	32226962	499947547	
A	34	11	12	23	25	37	
A	34	10432159	10534189	10711393	31953350	505278495	
A	35	11	12	23	25	37	
A	35	10723956	10846400	11010358	32019122	504501476	
A	36	11	12	23	25	37	
A	36	10685862	10828906	10980016	32121906	499116309	
A	37	11	12	23	25	37	
A	37	10920065	11076592	11215827	32698888	503846090	
A	38	11	12	23	25	37	
A	38	11476670	11617886	11767630	33951380	504907077	
A	39	11	12	23	25	37	
A	39	11828980	11994021	12128033	34864883	504152406	
A	40	11	12	23	25	37	
A	40	11124231	11303908	11426113	33322398	505027207	
A	41	11	12	23	25	37	
A	41	10945821	11149570	11251281	32351513	502954999	
A	42	11	12	23	25	37	
A	42	11742051	11908289	12044205	35308128	499758504	
A	43	11	12	23	25	37	
A	43	11403056	11618190	11714191	34183517	507298948	
A	44	11	12	23	25	37	
A	44	11465247	11692915	11776959	34417500	506310502	
A	45	11	12	23	25	37	
A	45	11715022	11945721	12031089	35312428	502161495	
A	46	11	12	23	25	37	
A	46	11358259	11596398	11678378	33858733	502901740	
A	47	11	12	23	25	37	
A	47	12404381	12662268	12727943	35944976	507599279	
A	48	11	12	23	25	37	
A	48	11408856	11688928	11747222	34037399	498232636	
A	49	11	12	23	25	37	
A	49	12041027	12327229	12380327	34580697	503567324	
A	50	11	12	23	25	37	
A	50	11940157	12245716	12283742	35632751	502456046	
A	51	11	12	23	25	37	
A	51	11605270	11918170	11954505	33431882	499161196	
A	52	11	12	23	25	37	
A	52	11670346	11992288	12019828	34848304	503876479	
A	53	11	12	23	25	37	
A	53	11918535	12235493	12270001	35650737	505784267	
A	54	11	12	23	25	37	
A	54	11928235	12262041	12286123	35524828	501828524	
A	55	11	12	23	25	37	
A	55	11788465	12120621	12143424	34713013	505438348	
A	56	11	12	23	25	37	
A	56	12036753	12381046	12394401	35804939	504314165	
A	57	11	12	23	25	37	
A	57	12447026	12794496	12812310	36609211	498045570	
A	58	11	12	23	25	37	
A	58	13140384	13495405	13511803	38015368	506475548	
A	59	11	12	23	25	37	
A	59	12506193	12875718	12880237	37156515	502045682	
A	60	11	12	23	25	37	
A	60	12560109	12924765	12932255	37171485	497994338	
A	61	11	12	23	25	37	
A	61	12302060	12675131	12680216	35602766	503590277	
A	62	11	12	23	25	37	
A	62	13174017	13539135	13546726	38787081	502884971	
A	63	11	12	23	25	37	
A	63	12939621	13311491	13319090	38042302	498330326	
A	64	11	12	23	25	37	
A	64	15543901	15930401	15939923	42476001	506664722	
A	65	11	12	23	25	37	
A	65	13363710	13763036	13768404	38872331	503547958	
A	66	11	12	23	25	37	
A	66	14481509	14875746	14879788	39251491	501037274	
A	67	11	12	23	25	37	
A	67	14674911	15068540	15074913	40959235	505074496	
A	68	11	12	23	25	37	
A	68	14050243	14439341	14445103	39457998	503069133	
A	69	11	12	23	25	37	
A	69	13317481	13725695	13735281	38147558	500104983	
A	70	11	12	23	25	37	
A	70	15010692	15419588	15431249	40578626	505726632	
A	71	11	12	23	25	37	
A	71	15479632	15890493	15900742	42752200	506739151	
A	72	11	12	23	25	37	
A	72	15703714	16126311	16137497	43485958	502799702	
A	73	11	12	23	25	37	
A	73	15461333	15893495	15905932	41787195	508642767	
A	74	11	12	23	25	37	
A	74	16132403	16558853	16569528	43759514	509268276	
A	75	11	12	23	25	37	
A	75	16120026	16553686	16566531	43146754	502445822	
A	76	11	12	23	25	37	
A	76	15267729	15698441	15710552	42136403	505834377	
A	77	11	12	23	25	37	
A	77	14626441	15048639	15062087	41565828	503351556	
A	78	11	12	23	25	37	
A	78	14468633	14900793	14917387	41112846	500004723	
A	79	11	12	23	25	37	
A	79	14123614	14585771	14602244	39948984	503090005	
A	80	11	12	23	25	37	
A	80	14449903	14900298	14916783	40979303	502420308	
A	81	11	12	23	25	37	
A	81	14833611	15285531	15302354	42019649	498773057	
A	82	11	12	23	25	37	
A	82	15088253	15535268	15549860	42911291	503725831	
A	83	11	12	23	25	37	
A	83	15772363	16224370	16246383	44064465	503980329	
A	84	11	12	23	25	37	
A	84	15538501	16010058	16027149	44169953	498862601	
A	85	11	12	23	25	37	
A	85	15211907	15688264	15711921	42280227	502870746	
A	86	11	12	23	25	37	
A	86	16565084	17031753	17055969	43920206	503393033	
A	87	11	12	23	25	37	
A	87	15482688	15948390	15972718	43164206	497669428	
A	88	11	12	23	25	37	
A	88	15460888	15944206	15969216	42949552	501469265	
A	89	11	12	23	25	37	
A	89	17258095	17747650	17778992	46014156	502256860	
A	90	11	12	23	25	37	
A	90	17199560	17682470	17711370	45414336	497931906	
A	91	11	12	23	25	37	
A	91	17529597	18023807	18054407	46505615	503621406	
A	92	11	12	23	25	37	
A	92	18844311	19346441	19381829	49484448	503108536	
A	93	11	12	23	25	37	
A	93	17607032	18119384	18155855	46165057	498343405	
A	94	11	12	23	25	37	
A	94	16664266	17189588	17235264	45305578	501208542	
A	95	11	12	23	25	37	
A	95	15838065	16360561	16410884	43848971	499263507	
A	96	11	12	23	25	37	
A	96	16079485	16598996	16644763	45041686	496162330	
A	97	11	12	23	25	37	
A	97	16012102	16529415	16569699	44255639	499142851	
A	98	11	12	23	25	37	
A	98	16813553	17332512	17369542	46290917	499429751	
A	99	11	12	23	25	37	
A	99	16190004	16708050	16754044	44800804	493585517	
A	100	11	12	23	25	37	
A	100	17014662	17534706	17583175	47057293	498749580	
A	101	11	12	23	25	37	
A	101	16341114	16863821	16918857	45213696	497136245	
A	102	11	12	23	25	37	
A	102	16807430	17366763	17427716	46225583	493682389	
A	103	11	12	23	25	37	
A	103	17200655	17745190	17810767	47056257	498153279	
A	104	11	12	23	25	37	
A	104	18020303	18541014	18595609	48665334	498144664	
A	105	11	12	23	25	37	
A	105	17669644	18208720	18275413	48129950	493940205	
A	106	11	12	23	25	37	
A	106	17118329	17670398	17746709	46300434	498355353	
A	107	11	12	23	25	37	
A	107	17733332	18283326	18356938	48150247	496536115	
A	108	11	12	23	25	37	
A	108	18340070	18907358	18991873	49892568	493501222	
A	109	11	12	23	25	37	
A	109	17853738	18425847	18522147	48288524	496727751	
A	110	11	12	23	25	37	
A	110	18090165	18657551	18765055	48810248	495440173	
A	111	11	12	23	25	37	
A	111	19254197	19853997	20012064	51385777	493724469	
A	112	11	12	23	25	37	
A	112	18670038	19266724	19404119	50067634	496447497	
A	113	11	12	23	25	37	
A	113	20399140	20991168	21144653	54365736	497304120	
A	114	11	12	23	25	37	
A	114	19802687	20410892	20566475	52244999	494660772	
A	115	11	12	23	25	37	
A	115	19649728	20276468	20476016	52518269	496660970	
A	116	11	12	23	25	37	
A	116	20186615	20806824	20971912	52869172	498384194	
A	117	11	12	23	25	37	
A	117	19263997	19895466	20104646	51363811	491851249	
A	118	11	12	23	25	37	
A	118	19336892	19959700	20192455	51751420	495583737	
A	119	11	12	23	25	37	
A	119	20586261	21204916	21426678	54375099	495717670	
A	120	11	12	23	25	37	
A	120	19283768	19927630	20166803	51231893	490807292	
A	121	11	12	23	25	37	
A	121	20694013	21338557	21591565	54884928	494781891	
A	122	11	12	23	25	37	
A	122	19837722	20472183	20706824	52410343	494228976	
A	123	11	12	23	25	37	
A	123	21206425	21858765	22128799	55572497	492593024	
A	124	11	12	23	25	37	
A	124	20717875	21373012	21627045	54124568	496031419	
A	125	11	12	23	25	37	
A	125	20292032	20955855	21236616	53051134	494705929	
A	126	11	12	23	25	37	
A	126	21120613	21798234	22138254	54497914	492504156	
A	127	11	12	23	25	37	
A	127	21653643	22298370	22613470	55961246	495351521	
A	128	11	12	23	25	37	
A	128	22088091	22729017	23010468	58387746	493254078	
A	129	11	12	23	25	37	
A	129	21887411	22575891	22923872	56680046	489438274	
A	130	11	12	23	25	37	
A	130	20918514	21617062	22027011	54315495	472719572	
A	131	11	12	23	25	37	
A	131	20581337	21259201	21598854	53257927	472840535	
A	132	11	12	23	25	37	
A	132	21856315	22572570	22988961	56110682	471454593	
A	133	11	12	23	25	37	
A	133	20786421	21497642	21920502	53409683	473330260	
A	134	11	12	23	25	37	
A	134	20761662	21455273	21836751	54047282	472703976	
A	135	11	12	23	25	37	
A	135	24131902	24841327	25253213	61088112	472033422	
A	136	11	12	23	25	37	
A	136	24368930	25107757	25563833	61764582	475377031	
A	137	11	12	23	25	37	
A	137	22307466	23034010	23485034	57000880	472036193	
A	138	11	12	23	25	37	
A	138	21619384	22383571	22888045	55720731	467754581	
A	139	11	12	23	25	37	
A	139	22423301	23167432	23641458	57585174	471200607	
A	140	11	12	23	25	37	
A	140	24509041	25261069	25739690	61839578	471615450	
A	141	11	12	23	25	37	
A	141	22961601	23714345	24242470	58494205	467546510	
A	142	11	12	23	25	37	
A	142	23073074	23799305	24288391	58547893	470033811	
A	143	11	12	23	25	37	
A	143	23168489	23916280	24419572	58519841	469835752	
A	144	11	12	23	25	37	
A	144	22275989	23197375	23790337	57137613	466280236	
A	145	11	12	23	25	37	
A	145	23081671	23980119	24566613	58701407	470855022	
A	146	11	12	23	25	37	
A	146	22670635	23481010	24014679	57336326	469642217	
A	147	11	12	23	25	37	
A	147	25571385	26391468	26940917	64039803	469576367	
A	148	11	12	23	25	37	
A	148	23558575	24355108	24904427	59652423	469406532	
A	149	11	12	23	25	37	
A	149	23444535	24208767	24738782	59687884	468204780	
A	150	11	25	37	
A	150	28759972	69927344	435343768	
T	0	11	12	23	25	37	
T	0	6328421	6536060	6633258	19685974	320465234	
T	1	11	12	23	25	37	
T	1	17587841	17898069	17914779	48387712	612676900	
T	2	11	12	23	25	37	
T	2	12800719	12987217	13107982	35445060	534714746	
T	3	11	12	23	25	37	
T	3	16360631	16433877	16613365	44331752	630774648	
T	4	11	12	23	25	37	
T	4	13717328	13745397	13942862	38654936	604465008	
T	5	11	12	23	25	37	
T	5	7954839	8000041	8183343	22678524	408540355	
T	6	11	12	23	25	37	
T	6	10240816	10279712	10476123	28595220	468363367	
T	7	11	12	23	25	37	
T	7	8569717	8604752	8807326	23933815	429620946	
T	8	11	12	23	25	37	
T	8	9390279	9420833	9635294	25667714	443090715	
T	9	11	12	23	25	37	
T	9	12611540	12633585	12846876	34709231	562322532	
T	10	11	12	23	25	37	
T	10	8785337	8810694	9007359	24560717	470659205	
T	11	11	12	23	25	37	
T	11	11897434	11921040	12117019	33279460	543361708	
T	12	11	12	23	25	37	
T	12	10013379	10038752	10242773	27861219	495185299	
T	13	11	12	23	25	37	
T	13	10920650	10959700	11161995	30327808	491854355	
T	14	11	12	23	25	37	
T	14	9405219	9436723	9641723	26271651	452353906	
T	15	11	12	23	25	37	
T	15	10146398	10178088	10382379	28364374	475200687	
T	16	11	12	23	25	37	
T	16	10892459	10930661	11128791	30330763	498182524	
T	17	11	12	23	25	37	
T	17	10886426	10916464	11113884	30717914	503705559	
T	18	11	12	23	25	37	
T	18	10734194	10763772	10963940	29963698	496652303	
T	19	11	12	23	25	37	
T	19	11080471	11121669	11314084	30706948	500424169	
T	20	11	12	23	25	37	
T	20	10868750	10902898	11102590	30165232	499283377	
T	21	11	12	23	25	37	
T	21	10818923	10866044	11062422	30004738	497540474	
T	22	11	12	23	25	37	
T	22	10860726	10897712	11101774	30205931	503446794	
T	23	11	12	23	25	37	
T	23	11050759	11096701	11297475	31106998	501168000	
T	24	11	12	23	25	37	
T	24	11123451	11177874	11365854	31168993	500094823	
T	25	11	12	23	25	37	
T	25	11780408	11832882	12023712	32545225	500553367	
T	26	11	12	23	25	37	
T	26	11205839	11262032	11455554	30950456	498499062	
T	27	11	12	23	25	37	
T	27	11406053	11463470	11648797	31440107	495451758	
T	28	11	12	23	25	37	
T	28	11473135	11540797	11727947	31702319	497813536	
T	29	11	12	23	25	37	
T	29	11922205	11990710	12172809	32221079	495870173	
T	30	11	12	23	25	37	
T	30	11954356	12030424	12205939	32525874	498098950	
T	31	11	12	23	25	37	
T	31	12863147	12936717	13122440	34018552	497720192	
T	32	11	12	23	25	37	
T	32	12960280	13032013	13219071	34223396	502037003	
T	33	11	12	23	25	37	
T	33	13217633	13293344	13473494	35420322	503169786	
T	34	11	12	23	25	37	
T	34	12777921	12869595	13043074	33797018	501411563	
T	35	11	12	23	25	37	
T	35	12820002	12928788	13086551	33952598	500632712	
T	36	11	12	23	25	37	
T	36	13762913	13888502	14031881	36282998	503930282	
T	37	11	12	23	25	37	
T	37	13084553	13224017	13358166	34779978	501119107	
T	38	11	12	23	25	37	
T	38	14097159	14224418	14368749	37427263	502577218	
T	39	11	12	23	25	37	
T	39	12906603	13052693	13181923	34844640	498606783	
T	40	11	12	23	25	37	
T	40	12359865	12522475	12642081	33653285	498386255	
T	41	11	12	23	25	37	
T	41	12783342	12971371	13071055	34153666	500439478	
T	42	11	12	23	25	37	
T	42	13284319	13433693	13565224	35562440	500997846	
T	43	11	12	23	25	37	
T	43	13100608	13299919	13395539	34746904	499579766	
T	44	11	12	23	25	37	
T	44	14068783	14278858	14362432	36477133	503371391	
T	45	11	12	23	25	37	
T	45	14546138	14753276	14836326	37105228	500983370	
T	46	11	12	23	25	37	
T	46	14464642	14680730	14761092	37187066	503576895	
T	47	11	12	23	25	37	
T	47	14876567	15113971	15179479	37444224	501699778	
T	48	11	12	23	25	37	
T	48	14287142	14540663	14598069	37319769	501963880	
T	49	11	12	23	25	37	
T	49	14321485	14583069	14635320	37003039	505504304	
T	50	11	12	23	25	37	
T	50	15157969	15439389	15477474	38552775	503489666	
T	51	11	12	23	25	37	
T	51	13564964	13849330	13885399	35697633	502928089	
T	52	11	12	23	25	37	
T	52	13454840	13750120	13778844	35996981	500773348	
T	53	11	12	23	25	37	
T	53	13713222	14002907	14037798	36521380	500422546	
T	54	11	12	23	25	37	
T	54	14632737	14933032	14956633	37878146	501182047	
T	55	11	12	23	25	37	
T	55	13425985	13729026	13752288	35938031	501575861	
T	56	11	12	23	25	37	
T	56	13876294	14190451	14203956	37800820	499776593	
T	57	11	12	23	25	37	
T	57	14903257	15213406	15231070	38617189	501036806	
T	58	11	12	23	25	37	
T	58	13557332	13877830	13893677	36491837	499430367	
T	59	11	12	23	25	37	
T	59	13685416	14026399	14030737	36667693	500562972	
T	60	11	12	23	25	37	
T	60	13694576	14023905	14031361	36959589	498029593	
T	61	11	12	23	25	37	
T	61	13939353	14280614	14285451	37294418	502170226	
T	62	11	12	23	25	37	
T	62	13986645	14318113	14325623	37149360	499252311	
T	63	11	12	23	25	37	
T	63	15205951	15538640	15545811	38918613	498747225	
T	64	11	12	23	25	37	
T	64	15020087	15371452	15380325	39027286	498608519	
T	65	11	12	23	25	37	
T	65	15272956	15639601	15644460	39616771	499011991	
T	66	11	12	23	25	37	
T	66	14587819	14940883	14944488	37794552	496856258	
T	67	11	12	23	25	37	
T	67	15131989	15489963	15495503	39870925	499742759	
T	68	11	12	23	25	37	
T	68	15260861	15612937	15618266	39148880	498700111	
T	69	11	12	23	25	37	
T	69	17140391	17506308	17514452	41914281	500561002	
T	70	11	12	23	25	37	
T	70	14984197	15352140	15362526	38743223	498448317	
T	71	11	12	23	25	37	
T	71	14938057	15312976	15322130	39003511	497187233	
T	72	11	12	23	25	37	
T	72	15498048	15874271	15883760	40318081	496431060	
T	73	11	12	23	25	37	
T	73	15758828	16152520	16163381	39914295	499645788	
T	74	11	12	23	25	37	
T	74	14894268	15281677	15291270	39138056	496543054	
T	75	11	12	23	25	37	
T	75	15242919	15630180	15641245	39716006	496418673	
T	76	11	12	23	25	37	
T	76	16233036	16621978	16632291	41114390	498169184	
T	77	11	12	23	25	37	
T	77	15777583	16158544	16170227	40694979	497082016	
T	78	11	12	23	25	37	
T	78	15494225	15875526	15890028	40171753	495182157	
T	79	11	12	23	25	37	
T	79	15053034	15471020	15485514	39462193	497085377	
T	80	11	12	23	25	37	
T	80	15839767	16247938	16263048	40962054	496681987	
T	81	11	12	23	25	37	
T	81	15999804	16398593	16413275	41173327	496788109	
T	82	11	12	23	25	37	
T	82	16424609	16827063	16839534	42305720	498061717	
T	83	11	12	23	25	37	
T	83	16767910	17174890	17194521	41973867	497096636	
T	84	11	12	23	25	37	
T	84	18130491	18547997	18562756	43889889	498032431	
T	85	11	12	23	25	37	
T	85	16026294	16453764	16474406	41524155	496281125	
T	86	11	12	23	25	37	
T	86	16231315	16652975	16674134	41808570	496071649	
T	87	11	12	23	25	37	
T	87	18609886	19018360	19039285	45288622	496440268	
T	88	11	12	23	25	37	
T	88	17197461	17627192	17648973	43505097	498097231	
T	89	11	12	23	25	37	
T	89	18686188	19128111	19156028	45299502	496795173	
T	90	11	12	23	25	37	
T	90	18168354	18596052	18621319	44630951	496046298	
T	91	11	12	23	25	37	
T	91	17580966	18026554	18053266	44080396	496517643	
T	92	11	12	23	25	37	
T	92	18418312	18871671	18903281	45090934	496173779	
T	93	11	12	23	25	37	
T	93	18341532	18791837	18823307	44914854	495256937	
T	94	11	12	23	25	37	
T	94	17978209	18450316	18490704	44764782	496333924	
T	95	11	12	23	25	37	
T	95	17259763	17729837	17774740	43887622	494624027	
T	96	11	12	23	25	37	
T	96	17833530	18290971	18330658	44392314	493437539	
T	97	11	12	23	25	37	
T	97	17023046	17477893	17513197	43541031	494778222	
T	98	11	12	23	25	37	
T	98	17473069	17936579	17969630	44479875	492855356	
T	99	11	12	23	25	37	
T	99	19477125	19930061	19969867	46996849	495614149	
T	100	11	12	23	25	37	
T	100	17995537	18459324	18502352	45332185	494930666	
T	101	11	12	23	25	37	
T	101	18810600	19275997	19324936	45924951	494205688	
T	102	11	12	23	25	37	
T	102	18704540	19193822	19246566	46503364	493975308	
T	103	11	12	23	25	37	
T	103	19425459	19904763	19962277	47395295	494699736	
T	104	11	12	23	25	37	
T	104	18410945	18872019	18920738	46713568	493550884	
T	105	11	12	23	25	37	
T	105	18294134	18762443	18820237	46233164	491352667	
T	106	11	12	23	25	37	
T	106	17206849	17693641	17761503	44475362	492362229	
T	107	11	12	23	25	37	
T	107	19036051	19522077	19587630	47476809	492440612	
T	108	11	12	23	25	37	
T	108	18744528	19232927	19306560	47361791	491042980	
T	109	11	12	23	25	37	
T	109	20991031	21497804	21583869	49577038	495155327	
T	110	11	12	23	25	37	
T	110	21128406	21632445	21728846	49594197	493550778	
T	111	11	12	23	25	37	
T	111	20965931	21491728	21633076	49972424	492398453	
T	112	11	12	23	25	37	
T	112	20326969	20851744	20974753	49766232	493495261	
T	113	11	12	23	25	37	
T	113	19615903	20139143	20277871	49338240	491073332	
T	114	11	12	23	25	37	
T	114	20142538	20669965	20808193	49878804	490575533	
T	115	11	12	23	25	37	
T	115	20542259	21094706	21275097	50694995	493121118	
T	116	11	12	23	25	37	
T	116	18725191	19274705	19423785	48080949	490136099	
T	117	11	12	23	25	37	
T	117	20587818	21137902	21326267	50595938	491174595	
T	118	11	12	23	25	37	
T	118	21537676	22081650	22292560	51020382	492851125	
T	119	11	12	23	25	37	
T	119	19665994	20209224	20409730	49500920	489400177	
T	120	11	12	23	25	37	
T	120	19905641	20463889	20677181	49450341	488948125	
T	121	11	12	23	25	37	
T	121	19825490	20392924	20621768	50009108	489404317	
T	122	11	12	23	25	37	
T	122	20187343	20744379	20957921	50061714	489340796	
T	123	11	12	23	25	37	
T	123	21325468	21885187	22127500	50869762	490234255	
T	124	11	12	23	25	37	
T	124	20196749	20765006	20994303	50241273	490191675	
T	125	11	12	23	25	37	
T	125	20114598	20696167	20954767	50699304	489915578	
T	126	11	12	23	25	37	
T	126	19216227	19801837	20106818	49387939	487863346	
T	127	11	12	23	25	37	
T	127	20321830	20880099	21166123	50746346	489013632	
T	128	11	12	23	25	37	
T	128	20318423	20872473	21128941	50916424	487771995	
T	129	11	12	23	25	37	
T	129	23610556	24197044	24508343	54949636	489203133	
T	130	11	12	23	25	37	
T	130	22221379	22831304	23206933	52436127	469754757	
T	131	11	12	23	25	37	
T	131	22306981	22895400	23206344	53148788	470621718	
T	132	11	12	23	25	37	
T	132	20624578	21242302	21619422	50166750	466902729	
T	133	11	12	23	25	37	
T	133	19590823	20209281	20597699	49813165	468840022	
T	134	11	12	23	25	37	
T	134	20690136	21291478	21642750	50506299	468393405	
T	135	11	12	23	25	37	
T	135	22333995	22936278	23306829	52625522	468951625	
T	136	11	12	23	25	37	
T	136	23951776	24592372	25011452	55309667	470470125	
T	137	11	12	23	25	37	
T	137	21704739	22332844	22748017	53187711	467547569	
T	138	11	12	23	25	37	
T	138	21365029	22013200	22469128	52416776	465962255	
T	139	11	12	23	25	37	
T	139	22407567	23045015	23478852	54258622	468377280	
T	140	11	12	23	25	37	
T	140	24643172	25295298	25739323	56434529	468465834	
T	141	11	12	23	25	37	
T	141	23484685	24123767	24604909	55459398	467033630	
T	142	11	12	23	25	37	
T	142	23230194	23847730	24293604	55502152	467072574	
T	143	11	12	23	25	37	
T	143	22060785	22705479	23171231	53860504	466236561	
T	144	11	12	23	25	37	
T	144	22134772	22919800	23460875	54269669	466134493	
T	145	11	12	23	25	37	
T	145	21835195	22610194	23153841	53577365	465844596	
T	146	11	12	23	25	37	
T	146	21197132	21900561	22398077	52983645	466028014	
T	147	11	12	23	25	37	
T	147	22098417	22795122	23295929	53119118	465397055	
T	148	11	12	23	25	37	
T	148	21613470	22292217	22799155	53756953	465887671	
T	149	11	12	23	25	37	
T	149	22135945	22785634	23273351	54151627	464808679	
T	150	11	25	37	
T	150	25181167	62682384	433549527	
G	0	11	12	23	25	37	
G	0	27153531	27426971	27580538	69795692	709374675	
G	1	11	12	23	25	37	
G	1	10293542	10496939	10508915	27877637	417966452	
G	2	11	12	23	25	37	
G	2	9539731	9647652	9708572	25035791	447402398	
G	3	11	12	23	25	37	
G	3	7042969	7094348	7207126	18792431	384905054	
G	4	11	12	23	25	37	
G	4	6752786	6774989	6914578	18198616	388408249	
G	5	11	12	23	25	37	
G	5	9714964	9755717	9906094	26198950	558178118	
G	6	11	12	23	25	37	
G	6	9990068	10023462	10172008	26067563	525785551	
G	7	11	12	23	25	37	
G	7	9925973	9953216	10098095	25144247	507034691	
G	8	11	12	23	25	37	
G	8	8812457	8834639	8977740	22371567	485857727	
G	9	11	12	23	25	37	
G	9	8314993	8332691	8489099	20100655	410310550	
G	10	11	12	23	25	37	
G	10	11380512	11403829	11560295	28715309	620182047	
G	11	11	12	23	25	37	
G	11	9301274	9323536	9489279	22888882	459651685	
G	12	11	12	23	25	37	
G	12	10259862	10281625	10435280	26076025	541631467	
G	13	11	12	23	25	37	
G	13	9090519	9122931	9275396	22694232	464978470	
G	14	11	12	23	25	37	
G	14	9931152	9958507	10117220	24444818	500826441	
G	15	11	12	23	25	37	
G	15	9686575	9714377	9873161	24469272	493516827	
G	16	11	12	23	25	37	
G	16	9486666	9518569	9669999	23986527	475173397	
G	17	11	12	23	25	37	
G	17	9312809	9338886	9493398	23785205	476393241	
G	18	11	12	23	25	37	
G	18	9757046	9783396	9943723	24316054	494578453	
G	19	11	12	23	25	37	
G	19	10199423	10234925	10386402	24382939	484492237	
G	20	11	12	23	25	37	
G	20	9854161	9883684	10042062	23967621	485350602	
G	21	11	12	23	25	37	
G	21	9750424	9791370	9948903	24401170	490300620	
G	22	11	12	23	25	37	
G	22	9433322	9464691	9623924	23825072	485931560	
G	23	11	12	23	25	37	
G	23	10173338	10211900	10366206	24880896	484515492	
G	24	11	12	23	25	37	
G	24	10683078	10730268	10878352	25193308	491358292	
G	25	11	12	23	25	37	
G	25	10715638	10759696	10905833	24903279	486469312	
G	26	11	12	23	25	37	
G	26	10738037	10784528	10932087	24971275	483117370	
G	27	11	12	23	25	37	
G	27	10900934	10949469	11095252	25333848	490320023	
G	28	11	12	23	25	37	
G	28	10994015	11048847	11189377	25661688	488198260	
G	29	11	12	23	25	37	
G	29	10864198	10920621	11060416	25308300	485592416	
G	30	11	12	23	25	37	
G	30	11000005	11063438	11198843	25587662	490981049	
G	31	11	12	23	25	37	
G	31	10662237	10721288	10858399	25152538	485877392	
G	32	11	12	23	25	37	
G	32	10540440	10598989	10737168	24927408	484950323	
G	33	11	12	23	25	37	
G	33	10823953	10886327	11022616	25637641	486857202	
G	34	11	12	23	25	37	
G	34	10581260	10653389	10779791	24987406	482029757	
G	35	11	12	23	25	37	
G	35	10674315	10761735	10877677	25402000	485211688	
G	36	11	12	23	25	37	
G	36	10913917	11016394	11122791	25775912	487086728	
G	37	11	12	23	25	37	
G	37	10949698	11058794	11155369	26016838	486916342	
G	38	11	12	23	25	37	
G	38	11252320	11353333	11458332	26900189	482984112	
G	39	11	12	23	25	37	
G	39	11119671	11237828	11332524	26552268	486529607	
G	40	11	12	23	25	37	
G	40	11334190	11459450	11545209	26304728	487200921	
G	41	11	12	23	25	37	
G	41	11372689	11518781	11590109	26538480	487094617	
G	42	11	12	23	25	37	
G	42	11856227	11974733	12070616	27422435	489363800	
G	43	11	12	23	25	37	
G	43	11513654	11666249	11733624	26859894	485701396	
G	44	11	12	23	25	37	
G	44	11777498	11940055	11999369	27158359	480260394	
G	45	11	12	23	25	37	
G	45	11654603	11818759	11879067	27218754	485872580	
G	46	11	12	23	25	37	
G	46	12656204	12821075	12876940	28737002	486470938	
G	47	11	12	23	25	37	
G	47	11516474	11700418	11745925	27112401	482066242	
G	48	11	12	23	25	37	
G	48	11600027	11798053	11838961	27538195	488442119	
G	49	11	12	23	25	37	
G	49	11960680	12159485	12195211	27736453	481203474	
G	50	11	12	23	25	37	
G	50	11525861	11740158	11767296	27048566	482790262	
G	51	11	12	23	25	37	
G	51	12224839	12444489	12470069	27907399	485028919	
G	52	11	12	23	25	37	
G	52	13087223	13304970	13324117	30002066	484136519	
G	53	11	12	23	25	37	
G	53	12582670	12800720	12825144	29401961	482189305	
G	54	11	12	23	25	37	
G	54	13527362	13756316	13773200	30560005	486103867	
G	55	11	12	23	25	37	
G	55	12838859	13063830	13079915	29916568	483316959	
G	56	11	12	23	25	37	
G	56	12640662	12875669	12885254	29667123	483768622	
G	57	11	12	23	25	37	
G	57	13804243	14039967	14052840	31353563	489586450	
G	58	11	12	23	25	37	
G	58	13569180	13805821	13816938	31074108	483286879	
G	59	11	12	23	25	37	
G	59	12765007	13018459	13021965	30415143	483879890	
G	60	11	12	23	25	37	
G	60	13833604	14081303	14086544	32137774	491441603	
G	61	11	12	23	25	37	
G	61	13270219	13519531	13523286	30994727	483002392	
G	62	11	12	23	25	37	
G	62	13033395	13280952	13286587	31498573	486666230	
G	63	11	12	23	25	37	
G	63	14462272	14712380	14718089	33441988	490190357	
G	64	11	12	23	25	37	
G	64	14942290	15197892	15204985	33571735	484515596	
G	65	11	12	23	25	37	
G	65	16066501	16335869	16340223	35163611	486663345	
G	66	11	12	23	25	37	
G	66	15289887	15552064	15555208	33740574	489109615	
G	67	11	12	23	25	37	
G	67	14790299	15049987	15055140	32993939	484893702	
G	68	11	12	23	25	37	
G	68	15332022	15591674	15596127	33447400	484361591	
G	69	11	12	23	25	37	
G	69	14735465	15008757	15016044	32676517	487049004	
G	70	11	12	23	25	37	
G	70	14716432	14983863	14992879	32703598	484773806	
G	71	11	12	23	25	37	
G	71	14011964	14285685	14293989	33037675	486035859	
G	72	11	12	23	25	37	
G	72	13628136	13905882	13914780	31863791	488452887	
G	73	11	12	23	25	37	
G	73	14885498	15167045	15176600	33142807	484352216	
G	74	11	12	23	25	37	
G	74	13735233	14016894	14025530	32088564	484744891	
G	75	11	12	23	25	37	
G	75	14334487	14619382	14629509	32622224	490161116	
G	76	11	12	23	25	37	
G	76	17158206	17436602	17445993	36493621	488889927	
G	77	11	12	23	25	37	
G	77	17242633	17519794	17530542	37270921	489386323	
G	78	11	12	23	25	37	
G	78	15807848	16090080	16103671	35421019	495332066	
G	79	11	12	23	25	37	
G	79	17318707	17618456	17631505	37223077	491745892	
G	80	11	12	23	25	37	
G	80	16469368	16762753	16776373	36363038	490226668	
G	81	11	12	23	25	37	
G	81	16192797	16487432	16500767	37064889	496009830	
G	82	11	12	23	25	37	
G	82	17324293	17613714	17624932	38656651	492873859	
G	83	11	12	23	25	37	
G	83	17112184	17407242	17425043	37701559	491525151	
G	84	11	12	23	25	37	
G	84	16630534	16937457	16951177	37467202	495096124	
G	85	11	12	23	25	37	
G	85	18985682	19288423	19306706	40669713	494944045	
G	86	11	12	23	25	37	
G	86	18512391	18815565	18834871	40033032	493523029	
G	87	11	12	23	25	37	
G	87	17644225	17943681	17963132	39344848	497751939	
G	88	11	12	23	25	37	
G	88	18799829	19104816	19124396	40467421	495100235	
G	89	11	12	23	25	37	
G	89	17922319	18240434	18266230	40364637	493951875	
G	90	11	12	23	25	37	
G	90	17699478	18013378	18036453	39882781	498374217	
G	91	11	12	23	25	37	
G	91	18486998	18799951	18824236	40282955	495300680	
G	92	11	12	23	25	37	
G	92	17981283	18305922	18334746	40079111	494314351	
G	93	11	12	23	25	37	
G	93	18608061	18936984	18966385	41311611	499910392	
G	94	11	12	23	25	37	
G	94	20569307	20905696	20942633	43326660	499244096	
G	95	11	12	23	25	37	
G	95	20934033	21271388	21312746	44072812	499865220	
G	96	11	12	23	25	37	
G	96	19048265	19383717	19420789	42801252	504331675	
G	97	11	12	23	25	37	
G	97	20707478	21029327	21061376	44698855	502269137	
G	98	11	12	23	25	37	
G	98	19532243	19864490	19894337	44529577	502565680	
G	99	11	12	23	25	37	
G	99	19060181	19392130	19429314	44256565	505304969	
G	100	11	12	23	25	37	
G	100	19726330	20054816	20093756	44722245	503512833	
G	101	11	12	23	25	37	
G	101	18861800	19193737	19238290	43672060	504260651	
G	102	11	12	23	25	37	
G	102	20617990	20976572	21025570	45724061	506825470	
G	103	11	12	23	25	37	
G	103	19546791	19886615	19939102	45214108	504818912	
G	104	11	12	23	25	37	
G	104	20363767	20694579	20738440	46488162	505651587	
G	105	11	12	23	25	37	
G	105	21154223	21496703	21551307	47290036	511182828	
G	106	11	12	23	25	37	
G	106	24733981	25079709	25140933	49405236	507658334	
G	107	11	12	23	25	37	
G	107	21965225	22313799	22373412	47900748	506610104	
G	108	11	12	23	25	37	
G	108	21314479	21671959	21740156	48267177	511084424	
G	109	11	12	23	25	37	
G	109	20684176	21043663	21121458	47738040	507157584	
G	110	11	12	23	25	37	
G	110	20717175	21079591	21168733	48252925	507082219	
G	111	11	12	23	25	37	
G	111	21323147	21711917	21844011	48442459	510905477	
G	112	11	12	23	25	37	
G	112	23727211	24098703	24209569	51183035	509667376	
G	113	11	12	23	25	37	
G	113	22589731	22969067	23096642	52190268	509283054	
G	114	11	12	23	25	37	
G	114	24381268	24767593	24896881	52763413	513205098	
G	115	11	12	23	25	37	
G	115	23750843	24147587	24311422	52161683	511254368	
G	116	11	12	23	25	37	
G	116	29685747	30082124	30219889	56505102	510149134	
G	117	11	12	23	25	37	
G	117	24854274	25261349	25438749	53617313	515924110	
G	118	11	12	23	25	37	
G	118	22308238	22695816	22885793	51853850	513145782	
G	119	11	12	23	25	37	
G	119	23574114	23969213	24154064	53098621	513694550	
G	120	11	12	23	25	37	
G	120	25020479	25431980	25630439	53870253	518427577	
G	121	11	12	23	25	37	
G	121	23827485	24234740	24442828	54816625	516767393	
G	122	11	12	23	25	37	
G	122	25550321	25954297	26150348	54673389	515042137	
G	123	11	12	23	25	37	
G	123	24476570	24888397	25113821	52462742	517224718	
G	124	11	12	23	25	37	
G	124	24991269	25398330	25606886	54179637	517158581	
G	125	11	12	23	25	37	
G	125	29679140	30103911	30344093	57731613	516244803	
G	126	11	12	23	25	37	
G	126	30868957	31305060	31590023	59104962	519819243	
G	127	11	12	23	25	37	
G	127	24503000	24904276	25157645	54861744	519231804	
G	128	11	12	23	25	37	
G	128	24999693	25398674	25630527	55385464	520034740	
G	129	11	12	23	25	37	
G	129	24404128	24839140	25131051	56460130	522582477	
G	130	11	12	23	25	37	
G	130	23238856	23681854	24023209	53464572	501556083	
G	131	11	12	23	25	37	
G	131	26742249	27171444	27457422	54908478	499344203	
G	132	11	12	23	25	37	
G	132	25566584	26027733	26386194	53848810	504560170	
G	133	11	12	23	25	37	
G	133	28665231	29111356	29465799	57502024	503328719	
G	134	11	12	23	25	37	
G	134	26106329	26544597	26868125	54878479	503423682	
G	135	11	12	23	25	37	
G	135	26502190	26952660	27301613	55791772	503228963	
G	136	11	12	23	25	37	
G	136	25873665	26346312	26734287	56268631	502174627	
G	137	11	12	23	25	37	
G	137	27221510	27686365	28072400	57946013	505926374	
G	138	11	12	23	25	37	
G	138	28082053	28579210	29013930	58924973	510864499	
G	139	11	12	23	25	37	
G	139	28325791	28790925	29189048	59387240	507667963	
G	140	11	12	23	25	37	
G	140	26914880	27398174	27821218	58259013	505402347	
G	141	11	12	23	25	37	
G	141	29196364	29677376	30136442	59636252	510117210	
G	142	11	12	23	25	37	
G	142	26038871	26491864	26898887	58182440	510488117	
G	143	11	12	23	25	37	
G	143	28686295	29165427	29604623	60199958	510377772	
G	144	11	12	23	25	37	
G	144	29349493	29989119	30536857	60809979	513680635	
G	145	11	12	23	25	37	
G	145	27449569	28055458	28589098	58998068	512237706	
G	146	11	12	23	25	37	
G	146	31174406	31703423	32186007	62145832	511851458	
G	147	11	12	23	25	37	
G	147	30014434	30551000	31046778	60575696	512195888	
G	148	11	12	23	25	37	
G	148	28251736	28755508	29232276	61614653	514669083	
G	149	11	12	23	25	37	
G	149	30891974	31380387	31839970	62850183	513889877	
G	150	11	25	37	
G	150	23174773	54041252	439249447	
C	0	11	12	23	25	37	
C	0	5765860	6035103	6189112	18287452	502256796	
C	1	11	12	23	25	37	
C	1	9164655	9376025	9388964	25488831	495376970	
C	2	11	12	23	25	37	
C	2	8331637	8451319	8512191	23079534	496112368	
C	3	11	12	23	25	37	
C	3	9036310	9094404	9207355	24850222	568410902	
C	4	11	12	23	25	37	
C	4	4738418	4763463	4904043	13387736	367412329	
C	5	11	12	23	25	37	
C	5	4262168	4303451	4440129	12102646	380311184	
C	6	11	12	23	25	37	
C	6	5214138	5247699	5382982	14522396	433198379	
C	7	11	12	23	25	37	
C	7	5325499	5356463	5504596	14700108	435205511	
C	8	11	12	23	25	37	
C	8	7759084	7783708	7924548	21776377	656529049	
C	9	11	12	23	25	37	
C	9	6939838	6957741	7098575	18980322	502346605	
C	10	11	12	23	25	37	
C	10	4873179	4897395	5038946	13275620	418111211	
C	11	11	12	23	25	37	
C	11	6636754	6659888	6810861	18186744	496435735	
C	12	11	12	23	25	37	
C	12	6371346	6393218	6532176	17800495	494196000	
C	13	11	12	23	25	37	
C	13	7688498	7720596	7854623	21242301	578683150	
C	14	11	12	23	25	37	
C	14	6429530	6456813	6599366	17751951	498512031	
C	15	11	12	23	25	37	
C	15	6323348	6350859	6489554	17416346	477728484	
C	16	11	12	23	25	37	
C	16	6351976	6383877	6518996	17599508	474887570	
C	17	11	12	23	25	37	
C	17	6352802	6379518	6522560	17565434	476410022	
C	18	11	12	23	25	37	
C	18	6260213	6286314	6428965	17213083	472038076	
C	19	11	12	23	25	37	
C	19	6156672	6192191	6326910	17085638	475469004	
C	20	11	12	23	25	37	
C	20	6235144	6265666	6408006	17283731	480524354	
C	21	11	12	23	25	37	
C	21	6245739	6285876	6422866	17171357	480576288	
C	22	11	12	23	25	37	
C	22	6253502	6285131	6423373	17119115	476876979	
C	23	11	12	23	25	37	
C	23	6502467	6540625	6675487	17918232	481181781	
C	24	11	12	23	25	37	
C	24	6519249	6564818	6693290	17907235	478231562	
C	25	11	12	23	25	37	
C	25	6581363	6624745	6753816	17912854	475939179	
C	26	11	12	23	25	37	
C	26	6531398	6577985	6709254	17759421	478292877	
C	27	11	12	23	25	37	
C	27	6702537	6749912	6876251	18668405	479520048	
C	28	11	12	23	25	37	
C	28	6752170	6805991	6928393	18449072	476047973	
C	29	11	12	23	25	37	
C	29	6780949	6837183	6960972	19134683	479561885	
C	30	11	12	23	25	37	
C	30	6726495	6788433	6906130	18457683	480871207	
C	31	11	12	23	25	37	
C	31	6825248	6883406	7002537	18717364	480713413	
C	32	11	12	23	25	37	
C	32	6890928	6949109	7070639	18836641	479318923	
C	33	11	12	23	25	37	
C	33	6947646	7008320	7125757	19074339	480212124	
C	34	11	12	23	25	37	
C	34	7101688	7172349	7281588	19717080	481466510	
C	35	11	12	23	25	37	
C	35	6929766	7015344	7117574	18795991	479834263	
C	36	11	12	23	25	37	
C	36	7062861	7159672	7250095	19337049	480049363	
C	37	11	12	23	25	37	
C	37	7177249	7282511	7366091	19620751	478297114	
C	38	11	12	23	25	37	
C	38	7355128	7453820	7545787	19992875	479681474	
C	39	11	12	23	25	37	
C	39	7396962	7508176	7588331	19995177	480879597	
C	40	11	12	23	25	37	
C	40	7341252	7460416	7533558	19785827	479554748	
C	41	11	12	23	25	37	
C	41	7221063	7358387	7419164	19471200	479677100	
C	42	11	12	23	25	37	
C	42	7408412	7521051	7602343	20308312	480035755	
C	43	11	12	23	25	37	
C	43	7284800	7427464	7483367	19595198	477574529	
C	44	11	12	23	25	37	
C	44	7519434	7672947	7723165	20262333	480215779	
C	45	11	12	23	25	37	
C	45	7624692	7778809	7828685	21066185	481135889	
C	46	11	12	23	25	37	
C	46	7656276	7811872	7858917	20730944	477200910	
C	47	11	12	23	25	37	
C	47	7576570	7749854	7788040	20571798	478781602	
C	48	11	12	23	25	37	
C	48	7736577	7919046	7952751	21035886	481504387	
C	49	11	12	23	25	37	
C	49	8406516	8591624	8621668	21401275	479863097	
C	50	11	12	23	25	37	
C	50	7810079	8010952	8033664	20933148	481394907	
C	51	11	12	23	25	37	
C	51	8780480	8982599	9003756	21918805	482957311	
C	52	11	12	23	25	37	
C	52	8052355	8255964	8270938	21714271	481336520	
C	53	11	12	23	25	37	
C	53	7987148	8193472	8213115	21607562	481729526	
C	54	11	12	23	25	37	
C	54	8072956	8285129	8298635	21868096	480985628	
C	55	11	12	23	25	37	
C	55	8021576	8229705	8242591	21418339	479786925	
C	56	11	12	23	25	37	
C	56	8248271	8467543	8475364	22246236	482259027	
C	57	11	12	23	25	37	
C	57	8355938	8574832	8585174	22289795	481447195	
C	58	11	12	23	25	37	
C	58	8992377	9213284	9222694	23249206	480920834	
C	59	11	12	23	25	37	
C	59	8491041	8726382	8729504	22669232	483621727	
C	60	11	12	23	25	37	
C	60	9186402	9414439	9418891	23596110	482635974	
C	61	11	12	23	25	37	
C	61	9347927	9577556	9581123	23657384	481329092	
C	62	11	12	23	25	37	
C	62	8544592	8776983	8781928	22607176	481290491	
C	63	11	12	23	25	37	
C	63	8651465	8884077	8889344	22836393	482786409	
C	64	11	12	23	25	37	
C	64	8909607	9147234	9154094	23270106	480298418	
C	65	11	12	23	25	37	
C	65	8871087	9120996	9125784	23800598	480852816	
C	66	11	12	23	25	37	
C	66	9512903	9755183	9758314	23960879	483073280	
C	67	11	12	23	25	37	
C	67	9137721	9378117	9383514	23840864	480374471	
C	68	11	12	23	25	37	
C	68	10024029	10266653	10271213	24939236	483954704	
C	69	11	12	23	25	37	
C	69	9064216	9316503	9324337	23831980	482367231	
C	70	11	12	23	25	37	
C	70	10200493	10449270	10458366	24670582	481128498	
C	71	11	12	23	25	37	
C	71	8842303	9100612	9109576	23354095	480108592	
C	72	11	12	23	25	37	
C	72	9259470	9517005	9526519	24093541	482388398	
C	73	11	12	23	25	37	
C	73	8883549	9144389	9154674	23344159	477428280	
C	74	11	12	23	25	37	
C	74	8855195	9119209	9128078	23364955	479510803	
C	75	11	12	23	25	37	
C	75	9134219	9397154	9407849	24155754	481039584	
C	76	11	12	23	25	37	
C	76	9199131	9459332	9469388	24380392	477157727	
C	77	11	12	23	25	37	
C	77	9717497	9978860	9990470	25234542	480237082	
C	78	11	12	23	25	37	
C	78	9263677	9524575	9538719	24467334	479535042	
C	79	11	12	23	25	37	
C	79	9992425	10270265	10284053	25268396	478127140	
C	80	11	12	23	25	37	
C	80	10918678	11196371	11211201	26506511	480720484	
C	81	11	12	23	25	37	
C	81	9617834	9891224	9905234	25854588	478474001	
C	82	11	12	23	25	37	
C	82	9742408	10013051	10025351	26136476	475379914	
C	83	11	12	23	25	37	
C	83	9710436	9988144	10006922	25194861	477435979	
C	84	11	12	23	25	37	
C	84	9954277	10237798	10252373	25882649	478044600	
C	85	11	12	23	25	37	
C	85	10553258	10837337	10857510	26523438	475923876	
C	86	11	12	23	25	37	
C	86	9999410	10286171	10307114	25893161	477033920	
C	87	11	12	23	25	37	
C	87	10102892	10382751	10403324	26425681	478156306	
C	88	11	12	23	25	37	
C	88	10122602	10410123	10431050	26403421	475349540	
C	89	11	12	23	25	37	
C	89	10486559	10787988	10815761	27257716	476978694	
C	90	11	12	23	25	37	
C	90	10482631	10774502	10799000	27148943	477661054	
C	91	11	12	23	25	37	
C	91	10513086	10808212	10833831	27133588	474561610	
C	92	11	12	23	25	37	
C	92	10767914	11075670	11106911	27254975	476415642	
C	93	11	12	23	25	37	
C	93	10749310	11056667	11086902	27650685	476490032	
C	94	11	12	23	25	37	
C	94	10726342	11040513	11078892	27451124	473208263	
C	95	11	12	23	25	37	
C	95	10808387	11128785	11172819	27753484	476240166	
C	96	11	12	23	25	37	
C	96	10914609	11228013	11266801	28010416	476065090	
C	97	11	12	23	25	37	
C	97	10858956	11166104	11199639	28009982	473804152	
C	98	11	12	23	25	37	
C	98	11132346	11449235	11481677	28796832	475138459	
C	99	11	12	23	25	37	
C	99	11164506	11475572	11514233	28785422	475482923	
C	100	11	12	23	25	37	
C	100	11443871	11753728	11794790	30360054	472787605	
C	101	11	12	23	25	37	
C	101	11257242	11576182	11623918	28898404	474368711	
C	102	11	12	23	25	37	
C	102	11643551	11979890	12031338	29534760	475487681	
C	103	11	12	23	25	37	
C	103	11848197	12171459	12225992	30157770	472300368	
C	104	11	12	23	25	37	
C	104	11608660	11924107	11970799	30076685	472617725	
C	105	11	12	23	25	37	
C	105	11602598	11924097	11980088	29879890	473490698	
C	106	11	12	23	25	37	
C	106	11470134	11798598	11862769	29295191	471583917	
C	107	11	12	23	25	37	
C	107	12111992	12446221	12508741	30468896	474373083	
C	108	11	12	23	25	37	
C	108	12050704	12387953	12457831	30991871	474321708	
C	109	11	12	23	25	37	
C	109	11844545	12186404	12266703	30297504	470899965	
C	110	11	12	23	25	37	
C	110	12151860	12499953	12592702	31009437	473873213	
C	111	11	12	23	25	37	
C	111	12191333	12557046	12689324	31034320	472900827	
C	112	11	12	23	25	37	
C	112	12294973	12651799	12765924	31030024	470323515	
C	113	11	12	23	25	37	
C	113	12488880	12852388	12983351	31924608	472265024	
C	114	11	12	23	25	37	
C	114	12630064	12997697	13127391	31862186	471460971	
C	115	11	12	23	25	37	
C	115	12753221	13127923	13291121	32002302	468881934	
C	116	11	12	23	25	37	
C	116	12577270	12957764	13098254	31948069	471249050	
C	117	11	12	23	25	37	
C	117	12649412	13035508	13211417	31894117	470946069	
C	118	11	12	23	25	37	
C	118	12482314	12856886	13048981	31969542	468329983	
C	119	11	12	23	25	37	
C	119	12936939	13317089	13502640	33229881	471097154	
C	120	11	12	23	25	37	
C	120	12958493	13348523	13545308	32546475	471722543	
C	121	11	12	23	25	37	
C	121	12881754	13269100	13475019	32948460	468945071	
C	122	11	12	23	25	37	
C	122	13314028	13703569	13900233	33225284	471281748	
C	123	11	12	23	25	37	
C	123	12957328	13353674	13576834	32622690	469841786	
C	124	11	12	23	25	37	
C	124	13128661	13523654	13732948	33571694	466502562	
C	125	11	12	23	25	37	
C	125	13404263	13816185	14054152	33702409	469015222	
C	126	11	12	23	25	37	
C	126	13456520	13867364	14141540	33759045	469687273	
C	127	11	12	23	25	37	
C	127	13452088	13838404	14088415	34350481	466277498	
C	128	11	12	23	25	37	
C	128	13925454	14315364	14547245	35847152	468805064	
C	129	11	12	23	25	37	
C	129	13993050	14408463	14689438	35494919	468635546	
C	130	11	12	23	25	37	
C	130	13901423	14325625	14651604	34708458	449108953	
C	131	11	12	23	25	37	
C	131	13490250	13907254	14189089	33371645	450327203	
C	132	11	12	23	25	37	
C	132	13496436	13934455	14272288	33350647	450210862	
C	133	11	12	23	25	37	
C	133	13281631	13712041	14049758	33593848	447625375	
C	134	11	12	23	25	37	
C	134	13431339	13861720	14180919	33403920	448595848	
C	135	11	12	23	25	37	
C	135	14100616	14531383	14860945	34810973	448899807	
C	136	11	12	23	25	37	
C	136	14188199	14639982	15009118	35601640	445076226	
C	137	11	12	23	25	37	
C	137	14370587	14823204	15196404	36091279	447574902	
C	138	11	12	23	25	37	
C	138	14386945	14859912	15267012	35623769	448511615	
C	139	11	12	23	25	37	
C	139	14637835	15087578	15468706	36181574	445831348	
C	140	11	12	23	25	37	
C	140	14650142	15121927	15524535	36489347	447571557	
C	141	11	12	23	25	37	
C	141	15098438	15561170	15986863	37228334	448375491	
C	142	11	12	23	25	37	
C	142	14718133	15155852	15540222	36970866	445468602	
C	143	11	12	23	25	37	
C	143	14802213	15266414	15678638	37255880	446618245	
C	144	11	12	23	25	37	
C	144	14777235	15373826	15880646	36814693	446970344	
C	145	11	12	23	25	37	
C	145	14754993	15325838	15821527	36908589	444122194	
C	146	11	12	23	25	37	
C	146	14641798	15155793	15609628	36804853	445528932	
C	147	11	12	23	25	37	
C	147	14801022	15310190	15762615	36551260	445877645	
C	148	11	12	23	25	37	
C	148	14756488	15243892	15688254	37368498	443073751	
C	149	11	12	23	25	37	
C	149	15676361	16151539	16582539	38193407	446113394	
C	150	11	25	37	
C	150	19061286	46707239	417581894	
N	0	2	
N	0	635891	
N	1	2	
N	1	84645	
N	2	2	
N	2	1784	
N	3	2	
N	3	270	
N	4	2	
N	4	363	
N	5	2	
N	5	5745	
N	6	2	
N	6	83	
N	7	2	
N	7	1365	
N	8	2	
N	8	747	
N	9	2	
N	9	9436	
N	10	2	
N	10	10333	
N	11	2	
N	11	1998	
N	12	2	
N	12	11234	
N	13	2	
N	13	33109	
N	14	2	
N	14	1166	
N	15	2	
N	15	4197	
N	16	2	
N	16	2022	
N	17	2	
N	17	1126	
N	18	2	
N	18	2342	
N	19	2	
N	19	14008	
N	20	2	
N	20	3012	
N	21	2	
N	21	9789	
N	22	2	
N	22	673	
N	23	2	
N	23	319	
N	24	2	
N	24	459	
N	25	2	
N	25	226	
N	26	2	
N	26	4723	
N	27	2	
N	27	260	
N	28	2	
N	28	2959	
N	29	2	
N	29	93	
N	30	2	
N	30	2342	
N	31	2	
N	31	798	
N	32	2	
N	32	183	
N	33	2	
N	33	114	
N	34	2	
N	34	448	
N	35	2	
N	35	6634	
N	36	2	
N	36	1219	
N	37	2	
N	37	2501	
N	38	2	
N	38	28129	
N	39	2	
N	39	6606	
N	40	2	
N	40	2917	
N	41	2	
N	41	2546	
N	42	2	
N	42	9886	
N	43	2	
N	43	7932	
N	44	2	
N	44	1115	
N	45	2	
N	45	2753	
N	46	2	
N	46	2351	
N	47	2	
N	47	2608	
N	48	2	
N	48	3287	
N	49	2	
N	49	4538	
N	50	2	
N	50	8664	
N	51	2	
N	51	60953	
N	52	2	
N	52	10073	
N	53	2	
N	53	4221	
N	54	2	
N	54	26793	
N	55	2	
N	55	5962	
N	56	2	
N	56	2895	
N	57	2	
N	57	2318	
N	58	2	
N	58	1633	
N	59	2	
N	59	1899	
N	60	2	
N	60	7735	
N	61	2	
N	61	14385	
N	62	2	
N	62	9726	
N	63	2	
N	63	46534	
N	64	2	
N	64	11016	
N	65	2	
N	65	19608	
N	66	2	
N	66	16799	
N	67	2	
N	67	4965	
N	68	2	
N	68	2186	
N	69	2	
N	69	2730	
N	70	2	
N	70	4658	
N	71	2	
N	71	7856	
N	72	2	
N	72	3910	
N	73	2	
N	73	3923	
N	74	2	
N	74	2667	
N	75	2	
N	75	1398	
N	76	2	
N	76	12344	
N	77	2	
N	77	3559	
N	78	2	
N	78	3598	
N	79	2	
N	79	5961	
N	80	2	
N	80	1668	
N	81	2	
N	81	3302	
N	82	2	
N	82	4083	
N	83	2	
N	83	4529	
N	84	2	
N	84	4064	
N	85	2	
N	85	17013	
N	86	2	
N	86	12248	
N	87	2	
N	87	12904	
N	88	2	
N	88	11656	
N	89	2	
N	89	42384	
N	90	2	
N	90	8431	
N	91	2	
N	91	16944	
N	92	2	
N	92	2735	
N	93	2	
N	93	10962	
N	94	2	
N	94	13371	
N	95	2	
N	95	11658	
N	96	2	
N	96	4488	
N	97	2	
N	97	3054	
N	98	2	
N	98	4874	
N	99	2	
N	99	3118	
N	100	2	
N	100	6200	
N	101	2	
N	101	12232	
N	102	2	
N	102	9107	
N	103	2	
N	103	4340	
N	104	2	
N	104	8206	
N	105	2	
N	105	3058	
N	106	2	
N	106	5984	
N	107	2	
N	107	2562	
N	108	2	
N	108	8702	
N	109	2	
N	109	14478	
N	110	2	
N	110	4865	
N	111	2	
N	111	18423	
N	112	2	
N	112	10236	
N	113	2	
N	113	14809	
N	114	2	
N	114	33725	
N	115	2	
N	115	14037	
N	116	2	
N	116	9300	
N	117	2	
N	117	27483	
N	118	2	
N	118	8612	
N	119	2	
N	119	5406	
N	120	2	
N	120	4836	
N	121	2	
N	121	7237	
N	122	2	
N	122	7764	
N	123	2	
N	123	2876	
N	124	2	
N	124	7793	
N	125	2	
N	125	5782	
N	126	2	
N	126	8759	
N	127	2	
N	127	3665	
N	128	2	
N	128	7473	
N	129	2	
N	129	9239	
N	130	2	
N	130	3131	
N	131	2	
N	131	3568	
N	132	2	
N	132	4061	
N	133	2	
N	133	3263	
N	134	2	
N	134	5434	
N	135	2	
N	135	3376	
N	136	2	
N	136	13997	
N	137	2	
N	137	21074	
N	138	2	
N	138	7729	
N	139	2	
N	139	18130	
N	140	2	
N	140	34628	
N	141	2	
N	141	11738	
N	142	2	
N	142	15746	
N	143	2	
N	143	4775	
N	144	2	
N	144	1468	
N	145	2	
N	145	1695	
N	146	2	
N	146	4622	
N	147	2	
N	147	2345	
N	148	2	
N	148	5831	
N	149	2	
N	149	3624	
N	150	2	
N	150	4895	
