bins	0-1	1-2	2-3	3-4	4-5	5-7	7-9	9-12	12-17	17-26	26-52	52-587
0-1	0.0	0.0886469863387	0.109337404576	0.117392897409	0.118272010781	0.113824710206	0.109495288228	0.103436157929	0.0972598815432	0.089785221858	0.0815087306467	0.0719226032281
1-2	0.208645754712	0.356472510885	0.383129566016	0.377414537954	0.35510290197	0.324617472434	0.298420004675	0.274689540918	0.250859778413	0.224694330723	0.197134393309	0.168227782459
2-3	0.361947349945	0.519594373089	0.545450950149	0.529484475088	0.493032987505	0.446386202997	0.405978186391	0.370913981194	0.335116630499	0.296905475252	0.25596776813	0.214221818889
3-4	0.461431010318	0.614193343763	0.637844495111	0.618769213962	0.576423653068	0.522997455471	0.475201328486	0.433418830334	0.390746907877	0.344479363784	0.294847000035	0.243697737733
4-5	0.535279208867	0.677084305045	0.699893256744	0.680417761941	0.637942177424	0.58247158609	0.530919541156	0.48562600691	0.438275000179	0.386085095074	0.330258937202	0.271674661308
5-6	0.593872463747	0.723817976512	0.74578875282	0.727380076337	0.686667483912	0.632259541985	0.579665621398	0.532412795341	0.482179203461	0.426160846158	0.365017698167	0.299212419783
6-7	0.640370675414	0.75970645643	0.780504748974	0.763690897407	0.725496622194	0.673129205541	0.620536714738	0.573236852554	0.521842167458	0.463220931465	0.39771125924	0.32608737927
7-8	0.6790990163	0.788203930202	0.808084132042	0.792843644916	0.757205723049	0.707137687306	0.655981007811	0.609109842348	0.557132830572	0.497156429765	0.428676491969	0.352241200493
8-9	0.711146603629	0.811569655408	0.830396121575	0.816594234875	0.783459297453	0.736106304778	0.686824773682	0.640888256029	0.589045971825	0.528342030088	0.457546738268	0.376970571077
9-10	0.738330197601	0.830853080737	0.848920796205	0.836257302763	0.80547153778	0.760749222505	0.713792714287	0.669462814129	0.617893131083	0.556853251153	0.484736882045	0.400901017696
10-11	0.761758214933	0.847375956275	0.86434465573	0.852798264828	0.82438825469	0.782299123551	0.737496674755	0.69486242133	0.643970092173	0.583240508241	0.510399402	0.423776495754
11-12	0.782079535811	0.86155650676	0.877559403685	0.866939495467	0.840700629028	0.80116991801	0.758857244198	0.717640069797	0.668250864792	0.607824755908	0.534647770655	0.445661826668
12-13	0.799719270646	0.873812734821	0.889002683692	0.879297805443	0.854599629238	0.817613231552	0.777429444341	0.737977554755	0.689702712187	0.630706201684	0.557225965633	0.466749854152
13-14	0.815368549862	0.884406058684	0.898792021529	0.890027857752	0.866869143252	0.832344359627	0.794114517416	0.756363213166	0.709403490679	0.651659741697	0.578719788828	0.48640532832
14-15	0.82922036837	0.893712503032	0.907263578238	0.899092827872	0.877673453969	0.845302233531	0.808800412733	0.772884519718	0.727495720803	0.671044089861	0.598561168427	0.505363972256
15-16	0.841491193434	0.901962169207	0.914806867833	0.907393075394	0.887246059921	0.856801809443	0.822161046666	0.787852580047	0.743950755216	0.689124287837	0.617318885445	0.5237602904
16-17	0.852622826916	0.909288986852	0.921493151978	0.914753683833	0.895825463182	0.867243992084	0.834551112043	0.801675862919	0.759504830658	0.706042659363	0.63494045884	0.54141764439
17-18	0.862738368275	0.915879302518	0.927408989342	0.921313972636	0.903582618036	0.876630477806	0.845633650676	0.814122370245	0.773671658466	0.721760718938	0.65197977636	0.558071886951
18-19	0.871929098886	0.921710239332	0.932722646994	0.92707946548	0.910601750739	0.885077749505	0.85570853923	0.825653816254	0.786914609429	0.736569649317	0.667995004372	0.574024437674
19-20	0.880314466951	0.927067869235	0.937494566765	0.932311002738	0.916764444178	0.892737913486	0.865027287164	0.836170555867	0.799076839339	0.75031768692	0.682910967332	0.589617229533
20-21	0.887818839329	0.931914656389	0.941909432022	0.937062593711	0.922455970933	0.899655640373	0.873495578431	0.845989779914	0.810430497962	0.763317072604	0.697310630319	0.604263628703
21-22	0.894855851058	0.93629968612	0.945838150958	0.941269181741	0.927662988231	0.906144189992	0.881245616722	0.854938820963	0.820861712109	0.775389175553	0.710908893622	0.618320152979
22-23	0.901142790675	0.940365772292	0.949458691181	0.945150486483	0.932399672768	0.912033361606	0.88832979984	0.863369099072	0.83073716778	0.786706091311	0.723568881012	0.631890516627
23-24	0.907019224901	0.944034067437	0.952663227452	0.948685640707	0.936678533396	0.917412496466	0.895003667846	0.87107828148	0.83984057753	0.797182135176	0.735735262934	0.645138393725
24-25	0.912419952753	0.947444053835	0.955627488795	0.951893056675	0.940591301679	0.922355103195	0.900903660591	0.878242078216	0.848173373726	0.807099776203	0.747364068784	0.657888766448
25-26	0.917280816462	0.950585292526	0.958375353463	0.954876456793	0.944293087359	0.92695504665	0.906569878518	0.884997406185	0.856087918699	0.816550508226	0.758343953652	0.669994166072
26-27	0.921842798864	0.953440681384	0.960876227445	0.957665914423	0.947708003412	0.931286966356	0.911855607774	0.891216476276	0.863587077183	0.825291799974	0.768632365342	0.681501588125
27-28	0.926080341173	0.956127714241	0.963259948744	0.960150342253	0.950717632725	0.935269437376	0.916738276999	0.89709857865	0.870489654728	0.833578527124	0.77838532857	0.692751345044
28-29	0.930037780058	0.958621515275	0.965390709792	0.962521841545	0.953506272354	0.939017246254	0.921344447042	0.902431492105	0.87710933975	0.841387453146	0.787721989485	0.703330200298
29-30	0.933710421047	0.960864114941	0.967383051589	0.964663187568	0.956110614927	0.94238789935	0.925685403584	0.90750502409	0.883316503019	0.848749075985	0.796742345747	0.713487716341
30-31	0.93723544701	0.963028977666	0.969289580911	0.966720450929	0.958545671062	0.94558835171	0.929537045248	0.91222409342	0.88913048149	0.855770864588	0.805175481709	0.723567446684
31-32	0.940404736408	0.965041253884	0.970963670356	0.96857456567	0.960872317164	0.948458580718	0.933282279063	0.916740069341	0.894563450286	0.862342445441	0.813108629373	0.733045958385
32-33	0.943473877096	0.966878733039	0.972551947328	0.970332322909	0.96303718214	0.951167656206	0.936774391178	0.920951785473	0.899727850232	0.868561121511	0.820872277457	0.742281389771
33-34	0.946253525417	0.968607380478	0.97398650804	0.971925597278	0.964991898435	0.953761945151	0.940007738753	0.924875976103	0.904718217562	0.874553241423	0.828256501798	0.751029039995
34-35	0.948931981813	0.970203208803	0.97537592393	0.973409625562	0.966844876083	0.956137970031	0.943045199152	0.928600876572	0.909240917001	0.880119116257	0.835215204183	0.759339145654
35-36	0.951450304593	0.971693536995	0.976655649091	0.974820004799	0.968607790011	0.958397512016	0.945904507017	0.932058789076	0.913433455801	0.885403974318	0.841800865653	0.767247358527
36-37	0.95390342639	0.973122119846	0.977832399283	0.976146301376	0.970227269126	0.96052530393	0.948542131865	0.935290028038	0.917508540489	0.890473894486	0.847997883737	0.775050236598
37-38	0.956090528175	0.974439649926	0.978955050307	0.977363351866	0.971768359448	0.962499858637	0.951024981661	0.938372940351	0.921269936761	0.895230847654	0.854055188779	0.782465806703
38-39	0.958141490307	0.975687660971	0.980053823076	0.978540509124	0.973161011416	0.964398077467	0.953338546243	0.941273296792	0.924962579407	0.89973510357	0.859814628452	0.789489207234
39-40	0.960161677574	0.976892583541	0.981062679297	0.979613330232	0.974539486687	0.966122137405	0.955594070181	0.944107476728	0.928394531222	0.904050562687	0.865386129261	0.796421857782
40-41	0.962084324171	0.977998002827	0.981999527658	0.980678786436	0.975803714461	0.967768165112	0.957658543663	0.946723350265	0.931665341727	0.908125668958	0.870767563596	0.803082258378
41-42	0.963800414052	0.979017911479	0.982857279304	0.981646043911	0.977012903296	0.969351427764	0.95964159902	0.94918405131	0.934678326136	0.912096210848	0.875702909081	0.809446100992
42-43	0.965471645657	0.97997163268	0.98364488858	0.982602867771	0.978125357023	0.970761662426	0.961581930013	0.951547389223	0.937596058125	0.915829304458	0.880569461849	0.815631684709
43-44	0.967044293375	0.980894259105	0.984424662804	0.983451059288	0.979151916648	0.972176420696	0.963390863435	0.95376011854	0.940376282864	0.919417169762	0.885126092794	0.821687625591
44-45	0.968518878814	0.981779571798	0.985157053617	0.984245855246	0.980121769485	0.973475261521	0.965115960371	0.955870160178	0.942968151315	0.922847462353	0.889545847509	0.827570169184
45-46	0.969962689389	0.982618686539	0.985842807217	0.984974367063	0.981044922616	0.974757138818	0.966691925095	0.95784328491	0.94546118643	0.926134705063	0.893851420499	0.833289038698
46-47	0.971281835684	0.983404051738	0.98653938065	0.985742772113	0.98194389197	0.975918575064	0.968236451137	0.959732738201	0.947841064535	0.929225163418	0.897917282787	0.83872917612
47-48	0.972558731742	0.984162764272	0.987164319322	0.986459622831	0.982800331234	0.977022900763	0.969632651087	0.961476146793	0.950109217999	0.932177654882	0.901728541105	0.843846826992
48-49	0.973727654971	0.984856844093	0.987772468597	0.987053111396	0.983580049552	0.978087079446	0.970994187874	0.963144251087	0.952222675805	0.934906494755	0.905457531845	0.848907759124
49-50	0.974866324944	0.985540262849	0.988332488267	0.987620822795	0.984353930406	0.979071529545	0.972296877897	0.964672395878	0.954207936747	0.937551828352	0.908973761607	0.853811499319
50-51	0.975942923581	0.986163713107	0.98885445197	0.988205718971	0.98507277232	0.979998869098	0.97348187439	0.966208907814	0.956108688023	0.940075170171	0.91231623657	0.858635833279
51-52	0.976943889077	0.986755624379	0.989344702367	0.988758700561	0.985779939307	0.980880407125	0.974631401601	0.96767163675	0.957936388573	0.942517910281	0.915471481873	0.863150644973
52-53	0.977913036493	0.987312442974	0.989824506028	0.989274243885	0.986447911898	0.981723494487	0.975714826966	0.969002012679	0.959628730421	0.944770401309	0.918604741875	0.867407791534
53-54	0.978810202024	0.98783239205	0.990275954263	0.989740687845	0.987027488615	0.982478371501	0.976735374967	0.970275339896	0.961304600047	0.946919054099	0.921585523176	0.871509366695
54-55	0.97971101881	0.98835012007	0.990712105491	0.990192401996	0.987619574182	0.983273960984	0.977720453684	0.971513677238	0.962825774015	0.948990735886	0.924393968084	0.875619044532
55-56	0.980550285867	0.988848080697	0.991115797218	0.99060913285	0.988146613729	0.983966638394	0.978647491757	0.972702572364	0.964316868272	0.950939699755	0.927164116017	0.879440267064
56-57	0.981325916765	0.989314058126	0.991473224829	0.991018498799	0.988676155046	0.984621996042	0.979504397385	0.973842025275	0.965752100208	0.952832024584	0.929829301867	0.883282556557
57-58	0.982091637113	0.989755381839	0.991821324997	0.991393495193	0.989179010817	0.985293751767	0.980370170333	0.974941924413	0.96713863166	0.95468005478	0.932393071652	0.886885006806
58-59	0.982813542401	0.990180269743	0.992153008865	0.991754375521	0.989635166881	0.985908396947	0.981187576078	0.97598553549	0.96848720538	0.956351632584	0.934882375093	0.890422635639
59-60	0.983513540158	0.99057806077	0.992495885665	0.992113414621	0.990070474861	0.986489115069	0.981961451339	0.976939389929	0.969746972334	0.958003604567	0.93722487346	0.893905166267
60-61	0.984147293716	0.990957194931	0.992817868993	0.992433174231	0.990464920598	0.98703307888	0.982699051197	0.977898568914	0.971006739288	0.959543750753	0.939481558233	0.8971592014
61-62	0.984792001039	0.991319449072	0.993101423256	0.992737590289	0.990865203798	0.987557817359	0.983422947014	0.978793092694	0.972127566623	0.961082444657	0.941572998646	0.900210669605
62-63	0.985407498322	0.991676594784	0.993384231324	0.993041392605	0.991224624755	0.988070115917	0.984084771586	0.979642738156	0.973229057001	0.962568130229	0.94362543288	0.903326959227
63-64	0.985974486073	0.992013750998	0.993648757603	0.993334147564	0.991588215329	0.988584676279	0.984732892117	0.980461196988	0.974306197137	0.964000807469	0.945625386073	0.906290918519
64-65	0.986499745195	0.99232558718	0.993886793945	0.993587623032	0.991910943659	0.989057393271	0.985323778124	0.981228692307	0.975299543791	0.965338360169	0.947606190777	0.909063654631
65-66	0.987007269649	0.992622542291	0.994119980017	0.993858283278	0.992234505913	0.989521063048	0.985899347849	0.981962719048	0.976236311941	0.966633070519	0.949418205106	0.911735917547
66-67	0.987494973004	0.99291461108	0.994336376691	0.994109917519	0.992577248403	0.989960418434	0.986437029931	0.982635133182	0.977195997966	0.967895830641	0.951216035369	0.914463278667
67-68	0.987963898476	0.993198017752	0.994559489125	0.994352959372	0.99286411803	0.990360192253	0.986977936494	0.983332648749	0.978059715389	0.969080167477	0.952886209046	0.917067479095
68-69	0.988441169674	0.993462545454	0.994787451828	0.994574520253	0.993147651964	0.990752615211	0.987484179894	0.983961705863	0.9788933531	0.970226744954	0.954550709097	0.919462630453
69-70	0.988870974556	0.993713302612	0.99499937133	0.994775213904	0.993420344894	0.991126943738	0.987979137613	0.984573268039	0.979684735979	0.971254961362	0.956084006545	0.921849679134
70-71	0.989290347281	0.993956952392	0.995201963389	0.994983886202	0.993684698591	0.9914927905	0.988423309768	0.985148319041	0.980460362819	0.972326746261	0.957567659764	0.924149218902
71-72	0.989686247652	0.994200157961	0.995396347299	0.995175987465	0.993936543438	0.991828668363	0.988881185964	0.98568381627	0.981219517435	0.973382556047	0.959021526447	0.926379075647
72-73	0.990071194258	0.994428260354	0.995576180397	0.995366861243	0.994185052591	0.992160588069	0.989307623477	0.98624593623	0.981965064564	0.974404963323	0.960404472803	0.928591106502
73-74	0.990432668509	0.994646367997	0.995751536323	0.995550983859	0.994415215432	0.992439355386	0.989688918267	0.986782954758	0.98263254768	0.975348221171	0.961712952817	0.930621637389
74-75	0.990761803073	0.994844708247	0.995917937904	0.995733878991	0.994655385352	0.992724908114	0.990089559939	0.987297914451	0.983272815819	0.976195628338	0.963065403434	0.932650547741
75-76	0.9910951105	0.995040827441	0.996067550087	0.995897134377	0.994864700109	0.993000848176	0.990470854729	0.987772559722	0.983876558595	0.977096043836	0.964272467382	0.93460977507
76-77	0.991414856122	0.995220066614	0.996226489714	0.996065913442	0.995054000705	0.993285835454	0.990828772037	0.988236555901	0.984521123835	0.977894073378	0.965519246713	0.936596551501
77-78	0.991720518332	0.995395529993	0.996364162771	0.996221190181	0.995249138766	0.993541984733	0.991163311864	0.988667083503	0.985111975306	0.978671770958	0.966709289783	0.938419653854
78-79	0.992017313208	0.99557654601	0.996505566804	0.996378921888	0.995411753816	0.993768165112	0.991517198572	0.989055775383	0.985654126292	0.97944148098	0.967867418706	0.940174693719
79-80	0.992292722162	0.995738460951	0.996640255079	0.996504739009	0.995593549103	0.994005654509	0.991827554796	0.989454355707	0.986149725344	0.980170527077	0.968958173319	0.941957282686
80-81	0.992568652723	0.99588749377	0.996755169176	0.996637307293	0.995763669463	0.994230138535	0.992147584461	0.989842286938	0.986645324395	0.980858909248	0.969926944972	0.943704219874
81-82	0.992847712932	0.996035860273	0.996889484353	0.996756986993	0.995916277433	0.994448402601	0.992428114243	0.990227936221	0.98713949108	0.981488473955	0.970924793959	0.945344201724
82-83	0.993111124905	0.996184670986	0.997007010133	0.996873597983	0.996074722866	0.994663839412	0.992713480746	0.99056110069	0.987595700034	0.982137644484	0.971888601189	0.946891813055
83-84	0.993357323818	0.9963294838	0.997118193252	0.996989595231	0.9962081506	0.994866836302	0.992981112607	0.990888940613	0.987992465749	0.982765030767	0.972802054987	0.948415116354
84-85	0.993574834298	0.996462080809	0.997214079365	0.997098227574	0.996342412257	0.995070964094	0.993238264907	0.991234275474	0.988430770112	0.983346670133	0.973699906314	0.94988656252
85-86	0.993800690504	0.996589791496	0.997331232047	0.997204404949	0.99646583291	0.995268871925	0.993476876446	0.991535492665	0.988841143316	0.983926131074	0.974584991982	0.951372593505
86-87	0.994018722593	0.996712393756	0.997423387183	0.99730628613	0.996589253564	0.995447554425	0.993725967546	0.991855726093	0.989240773765	0.984477272496	0.975426816252	0.952842419135
87-88	0.994226322524	0.996826111794	0.997511065145	0.997413077247	0.99672101345	0.995603053435	0.993962966844	0.992150858089	0.989578096241	0.98501026038	0.976228925139	0.954239320672
88-89	0.994422968689	0.996942717204	0.997603220281	0.997511889718	0.996826921714	0.995770426915	0.994187874342	0.992448272033	0.989956957366	0.985552688103	0.976997701472	0.955594088287
89-90	0.994623787718	0.997048661548	0.997692017537	0.9976021098	0.996952844137	0.995915747809	0.99441278184	0.992707653503	0.990281388537	0.986064617883	0.977759385773	0.95688241395
90-91	0.994806350471	0.997148386936	0.997769621862	0.997696012334	0.997059586324	0.996051456036	0.994622373056	0.992969316922	0.990627305216	0.986546775859	0.978471425846	0.95806540481
91-92	0.994980045891	0.99725033338	0.997854315043	0.997781322479	0.997180505207	0.996186033362	0.994823096952	0.99321728865	0.990941709817	0.987028207694	0.979154388585	0.959280806378
92-93	0.995139657898	0.997332512431	0.997924830511	0.997868473851	0.997284745624	0.996312694374	0.994996412766	0.993449286739	0.991261127703	0.987447191357	0.979813947617	0.960390873144
93-94	0.995306572416	0.997425352548	0.997987884025	0.997943964123	0.997373975421	0.996451795307	0.995185044861	0.993661507942	0.991572667569	0.987863996596	0.980440883298	0.961523627406
94-95	0.995465662815	0.997510418971	0.998059518786	0.998007793297	0.997454865984	0.996582414476	0.995349493354	0.993875250444	0.991879910334	0.988283706401	0.98103732324	0.962611006677
95-96	0.995622666783	0.997594819077	0.998125183984	0.998083283569	0.997532420854	0.996705117331	0.995529258128	0.9940821471	0.992169964692	0.988660573855	0.981645110434	0.963683801128
96-97	0.995759328044	0.997674777073	0.998193460866	0.998150181453	0.997619982805	0.996823296579	0.99567919646	0.994262421026	0.992436384992	0.989034536743	0.982247933204	0.964698256304
97-98	0.995886600363	0.997756734018	0.998253529598	0.99821523811	0.997715883988	0.99694317218	0.995821879711	0.99444421625	0.992691346354	0.989399785933	0.982781963259	0.965724055228
98-99	0.996019088761	0.997836692013	0.998311359743	0.9982778398	0.997783431778	0.997055131467	0.995946828321	0.99464578836	0.992929835493	0.989755595284	0.983309610484	0.966616970247
99-100	0.99614896912	0.997905544732	0.998370309182	0.998353330072	0.997867658035	0.997152954481	0.996086287092	0.99481921644	0.993204133812	0.990090346529	0.983853569385	0.967516367408
100-101	0.996277284655	0.997977729033	0.998432616501	0.99841531802	0.997930202285	0.997243992084	0.996214460182	0.994985798674	0.993444771502	0.99040839652	0.98434646565	0.968436831529
101-102	0.996389951955	0.998044360696	0.998484850181	0.998467486094	0.998001085768	0.997329940628	0.996332153711	0.995157705455	0.993669653152	0.990703209981	0.984845744745	0.969271407273
102-103	0.99651096498	0.998109215514	0.998528502613	0.998513516748	0.998069467482	0.997425501838	0.996460326801	0.995303750154	0.993871616928	0.990993666594	0.985353534279	0.97002333571
103-104	0.996616329769	0.998172515594	0.998572901241	0.998571208501	0.998142852735	0.99752841391	0.996594142732	0.995463486543	0.994087904375	0.991289206197	0.985806715162	0.970755817722
104-105	0.99672117295	0.998232706196	0.998616553674	0.998611101734	0.998208732678	0.997603618886	0.996719897462	0.995578344614	0.994278409213	0.99159418564	0.98623932915	0.971488299734
105-106	0.996827059347	0.99828734416	0.998662071595	0.998657132388	0.998269609082	0.997686740175	0.99682791755	0.995728953209	0.994475359703	0.991880285403	0.986635064569	0.972232125494
106-107	0.99693138092	0.998343092651	0.998704604735	0.998703163042	0.998330485485	0.997757421544	0.996933519278	0.995868152063	0.994615731689	0.992113376834	0.987051366883	0.973021326246
107-108	0.997037267317	0.998393288504	0.998746391679	0.998746124986	0.998392195812	0.99784506644	0.997031865926	0.995995180525	0.994810533628	0.992356634247	0.987447811505	0.973745705581
108-109	0.997136372812	0.99844081909	0.998791163404	0.998791541898	0.998437227672	0.997918009613	0.997135855414	0.996119166389	0.994993160447	0.992588999537	0.987830781265	0.974526803656
109-110	0.997226610973	0.998491459153	0.998831457958	0.998828366421	0.998491432689	0.997985298275	0.997244681623	0.996240109655	0.99517292253	0.99283225695	0.988172617237	0.975207428534
110-111	0.997305895369	0.998540544478	0.998867275338	0.998862735976	0.998553976939	0.998050325134	0.997342222151	0.996361813571	0.995342658044	0.993063896098	0.988522254444	0.975854022169
111-112	0.997391960667	0.99858829717	0.998907196794	0.998896491789	0.998589001719	0.998117048346	0.997437344318	0.996489602682	0.995492340416	0.993295535246	0.988873310057	0.976473066701
112-113	0.997475417925	0.998632496173	0.998944506565	0.998936998765	0.998630697885	0.998178682499	0.997509089004	0.996601418155	0.995638441871	0.993530078961	0.989205926386	0.977147209438
113-114	0.9975599184	0.998675140437	0.998981070141	0.998968913351	0.998678231515	0.998235227594	0.997576803089	0.996701823885	0.995773084388	0.993741386146	0.989538542715	0.977780838789
114-115	0.99762824903	0.998718895229	0.999015022033	0.999000214196	0.998721595529	0.998284421826	0.997649353895	0.996816681956	0.995907726905	0.993932361369	0.989847755336	0.978396642251
115-116	0.997700752524	0.998757097383	0.999041511971	0.999040107429	0.998767461312	0.998336443314	0.997725935301	0.996922412232	0.996042369422	0.99412769344	0.990176825649	0.979012445712
116-117	0.997769604762	0.998795743747	0.99907098669	0.999065884596	0.998819164559	0.998403166525	0.997802516707	0.997019775365	0.996164836818	0.994296158276	0.990483201457	0.979566668827
117-118	0.997840543432	0.998826838523	0.999106057876	0.999095957956	0.998865864266	0.998456318914	0.997868618552	0.997111053302	0.996277277643	0.994458087837	0.990743479053	0.980080378557
118-119	0.997911482102	0.99886637331	0.999138890475	0.99912112138	0.998895051582	0.998503251343	0.997947618318	0.997198527991	0.996408339242	0.994629457238	0.99102786956	0.980598949893
119-120	0.997973553438	0.998906574413	0.999166499705	0.999152422225	0.998927574592	0.998557534634	0.998004852843	0.99730121567	0.996514334415	0.994792112941	0.991295948393	0.981073766773
120-121	0.998035624774	0.99894011235	0.999193735839	0.999185564296	0.998966768989	0.998598812553	0.998068536328	0.997384126463	0.996606005916	0.994972922182	0.991561190412	0.981615025604
121-122	0.998088828776	0.998971651337	0.999217240995	0.999209500236	0.999005963386	0.99865083404	0.998129801453	0.997464755307	0.996717014374	0.995126864187	0.99180657474	0.982128735334
122-123	0.99815402976	0.999005855591	0.999236642076	0.99923159495	0.999042656012	0.998693242861	0.998178974777	0.997535495708	0.996820144812	0.995288793748	0.992050540661	0.982580864718
123-124	0.998205147331	0.99903628405	0.99926201272	0.999257985858	0.999075179022	0.998737348035	0.998237015421	0.997605475459	0.996931869454	0.995434022054	0.992277485704	0.982995721786
124-125	0.998251570431	0.999069377776	0.999286264072	0.999280080572	0.999094359259	0.998772405994	0.998291831585	0.997683061705	0.997026405689	0.995563275247	0.992524288439	0.983428404745
125-126	0.998302688002	0.999098251496	0.99930939613	0.999300947802	0.999131885809	0.998813683913	0.998332943709	0.997745434962	0.997127387577	0.995689623873	0.992729957384	0.983864328774
126-127	0.998348067886	0.99912845785	0.999330289602	0.999317518837	0.999156069586	0.998848741872	0.998395821074	0.997814654064	0.997212613426	0.995813067933	0.992955484021	0.984259739418
127-128	0.998397099026	0.999151778932	0.999349317586	0.999346364714	0.999186090826	0.998888323438	0.998436127077	0.997875506022	0.997292109805	0.995938690418	0.993154060933	0.984635703636
128-129	0.998439349263	0.999173767381	0.999373195839	0.99936907317	0.999203603216	0.998921119593	0.99848207592	0.997931794083	0.997372322369	0.996061408337	0.993338453781	0.985019770532
129-130	0.998485772363	0.999199753729	0.999384388771	0.999389326657	0.999224451299	0.998963528414	0.998535279845	0.997989603443	0.997458980584	0.996179769406	0.993544831929	0.985465417774
130-131	0.998534281895	0.999227072711	0.999401551266	0.999407125177	0.999245299383	0.999000282725	0.998592514369	0.998052737349	0.997524153292	0.996274167805	0.993730643184	0.985812212355
131-132	0.998577575348	0.999247506421	0.999422817835	0.999427378665	0.999277822393	0.999031947979	0.998637657093	0.998107504111	0.997601501121	0.996393981158	0.993934184519	0.986178453361
132-133	0.998616695938	0.999269939081	0.999436622451	0.999442108474	0.999293666936	0.999059089624	0.998686024296	0.998159988925	0.997685294602	0.996495640972	0.994107230114	0.986507422052
133-134	0.998653730096	0.999291705424	0.999453784946	0.999462361962	0.999324522099	0.999082273113	0.99873116702	0.998218558934	0.997755480595	0.996609645193	0.994283821726	0.986857457704
134-135	0.998696501941	0.999316137034	0.999475051515	0.999473409319	0.999348705876	0.999106022053	0.998766636303	0.998275607645	0.997818504752	0.996730910828	0.994447647679	0.9872415246
135-136	0.998727798413	0.999335682322	0.99949557189	0.999491207838	0.999369553959	0.999141645462	0.998794850505	0.998320485964	0.997877947991	0.996834749067	0.994617147258	0.987580216504
136-137	0.998763267748	0.999355893926	0.99950863031	0.999508392616	0.999391235966	0.999171614362	0.998827901428	0.998380577272	0.99793739123	0.996929147466	0.994783810024	0.987899461982
137-138	0.998794042612	0.999372773947	0.999520196339	0.999529873588	0.999404578739	0.9991942324	0.99886014623	0.998420891694	0.997993969734	0.997013379884	0.994939125538	0.988181435146
138-139	0.9988263823	0.999389209757	0.999536612638	0.999543375913	0.999418755436	0.999216850438	0.998895615513	0.998468051961	0.998054129157	0.997106326	0.995079547784	0.98844558242
139-140	0.998859765203	0.999407644517	0.999551536547	0.999553195786	0.999427928593	0.99924173028	0.998935921516	0.998505323786	0.998112856212	0.99718692771	0.995227062062	0.988734037726
140-141	0.998891061675	0.9994229698	0.999565341162	0.999567925595	0.999442939213	0.999262086514	0.998961717358	0.998549441455	0.998180893654	0.997278421543	0.995350463429	0.989028975173
141-142	0.998921314932	0.999442070877	0.999580638169	0.999582655404	0.999460451603	0.999281877297	0.998997992761	0.998598883671	0.998248931096	0.997364106243	0.995478120016	0.989307707266
142-143	0.998945308894	0.999457174053	0.999592204198	0.999599840182	0.99948213361	0.999298840826	0.999022982483	0.998652889783	0.998302644866	0.997451969368	0.995623506684	0.98958968043
143-144	0.998975040542	0.999474720391	0.999604516422	0.999615183733	0.999496310306	0.999315238903	0.999049584445	0.998698528752	0.998364236656	0.997515143682	0.995736270002	0.989874894665
144-145	0.999004250583	0.999488713041	0.999620186526	0.99962623109	0.99951465662	0.99933107153	0.999079410887	0.99874416772	0.99841078859	0.997593566967	0.995846196507	0.990148765152
145-146	0.99903659027	0.999504926745	0.99963100636	0.999637892189	0.99952966724	0.99934916596	0.99910843121	0.998784482142	0.99844659777	0.997670537969	0.995980235924	0.990404809749
146-147	0.999063713879	0.999519807817	0.999639587608	0.99964709832	0.999545511783	0.999364998586	0.999129390331	0.998822514616	0.998491001153	0.997740247556	0.996089453226	0.990613858819
147-148	0.999095531959	0.999532245727	0.999650407441	0.99965323574	0.999553851016	0.999378569409	0.999155992293	0.99886054709	0.998535404536	0.997805600294	0.996199379731	0.990878006093
148-149	0.999120047529	0.999542462582	0.999660854177	0.999661214387	0.999566359866	0.999393271134	0.999178563655	0.998897058264	0.998585537388	0.997864417758	0.996305051017	0.991127568549
149-150	0.999138303804	0.999554900492	0.999669808523	0.999676557938	0.999580536563	0.999409669211	0.999209196218	0.998925962944	0.998638534975	0.997926139788	0.996410013099	0.991356064044
150-151	0.999163340982	0.999567782614	0.999683986236	0.999685764069	0.999595547183	0.999426067289	0.99923821654	0.998958670872	0.998678641256	0.997981326544	0.99649937271	0.991579697932
151-152	0.999183683689	0.999579109996	0.999695552265	0.99969803891	0.99960722211	0.999444161719	0.999256757301	0.998994421397	0.99871516662	0.998032156452	0.996597951963	0.991788747002
152-153	0.999203504788	0.999594435279	0.999700775633	0.999707858783	0.99961472742	0.999458863444	0.999277716423	0.999021804778	0.998755272902	0.998090247774	0.996693694403	0.99197024697
153-154	0.99922489071	0.999607761611	0.99970935688	0.999716451172	0.999630571963	0.999475261521	0.999293838824	0.999051470107	0.998791798265	0.998144708389	0.996772415965	0.992150126402
154-155	0.999246276633	0.999619533205	0.999716072639	0.999722588592	0.99964224689	0.999496183206	0.999314797946	0.99907657154	0.998827607445	0.998204978136	0.996849009917	0.992360796007
155-156	0.999261924869	0.99963374796	0.999722788398	0.999733635949	0.999653921816	0.999510884931	0.999338175428	0.999102433622	0.998859119524	0.998250725052	0.996926313072	0.992574706683
156-157	0.999283310791	0.999644853237	0.999730250352	0.999740387112	0.99966226105	0.999522759401	0.999355910069	0.999132098951	0.99889421252	0.99829719811	0.997005743837	0.992728657548
157-158	0.999303653498	0.999655958514	0.999738085404	0.999746524532	0.999673935976	0.999539157478	0.999376063071	0.999155679085	0.998926440782	0.998337862036	0.997096521854	0.992882608414
158-159	0.999318780126	0.999666175369	0.999747785945	0.999753275695	0.999681441286	0.999553293752	0.999397828313	0.999183062466	0.998957236677	0.998388691943	0.997179498636	0.993064108381
159-160	0.999337036401	0.999676836435	0.999755994095	0.999759413115	0.999690614443	0.999567430025	0.999409113993	0.999211206497	0.998987316388	0.998438795709	0.997258220198	0.993226161924
160-161	0.999362073579	0.999685498551	0.999762336756	0.999768005504	0.999703123293	0.999576477241	0.999420399674	0.999240111177	0.999023125568	0.998488899474	0.997324176101	0.993410902962
161-162	0.999382937894	0.999694382773	0.999770544905	0.999772301698	0.999710628603	0.999591178965	0.999438940436	0.99926369131	0.999047475811	0.998525932692	0.99739580563	0.993563233292
162-163	0.999398064522	0.999702378573	0.999779126153	0.999775984151	0.99972230353	0.999603053435	0.999454256717	0.999281946898	0.99906323185	0.998565870477	0.997466016753	0.993715563622
163-164	0.999412147934	0.999714150166	0.999785841912	0.999782735313	0.99972980884	0.999615493356	0.999467154638	0.999303245083	0.999083284991	0.998616700384	0.997538355485	0.993866273417
164-165	0.99942779617	0.999721479649	0.99979106528	0.999788258992	0.999736480226	0.999626802375	0.99948650152	0.999317697423	0.999113364702	0.998645746045	0.997614240234	0.99403156803
165-166	0.999443966014	0.999730808082	0.999797781039	0.999796237638	0.999745653383	0.999639242296	0.99949617496	0.999337474309	0.999135566394	0.998683505405	0.997677359324	0.994195242108
166-167	0.999455441387	0.999737027037	0.999802258211	0.999802375059	0.999751490846	0.999652247668	0.999507460641	0.99935040535	0.999164213738	0.998721990906	0.997741187618	0.994355675115
167-168	0.999469003192	0.999745467048	0.999808227775	0.999804830027	0.999756494386	0.999664687588	0.999520358562	0.999366378989	0.999192861082	0.998756119558	0.997798633082	0.994490179555
168-169	0.999485694643	0.999754129164	0.999814943534	0.999815877384	0.999765667543	0.999672038451	0.999535674843	0.999386155875	0.999221508426	0.99879024821	0.997866716595	0.994621442925
169-170	0.999501342879	0.999760348119	0.999820539999	0.999823242289	0.999768169313	0.999679954764	0.999550185005	0.999403650813	0.999245858668	0.998824376862	0.9979113964	0.994738121475
170-171	0.999517512723	0.999767011286	0.999825763367	0.999825697257	0.999774006776	0.999687871077	0.999566307406	0.9994234277	0.999265195626	0.998863588504	0.997973806287	0.994875866986
171-172	0.999529509704	0.999773230241	0.999830986735	0.999833062162	0.99977984424	0.999697483743	0.999579205327	0.999440161988	0.999287397317	0.998894086449	0.998022032108	0.994986063395
172-173	0.999538898646	0.999777228141	0.999832479126	0.999839199582	0.99978734955	0.999707096409	0.999589684888	0.999453093029	0.999306734274	0.998920227544	0.998065293507	0.99509788034
173-174	0.999550895627	0.999783891307	0.999836956299	0.999845950745	0.99979235309	0.999713881821	0.999597746088	0.999470587967	0.999326071232	0.998955082337	0.998113519329	0.995235625851
174-175	0.999558719745	0.999788555523	0.999842179667	0.999851474423	0.99979735663	0.999718970879	0.999610644009	0.999485040307	0.999346124372	0.99898485414	0.998160326744	0.995374991897
175-176	0.999571238334	0.999794774478	0.999845164448	0.999854543133	0.999806529786	0.999727452643	0.99961870521	0.999492646802	0.999364745146	0.999015352084	0.998212807785	0.995494911519
176-177	0.999585321746	0.999799882906	0.999852253305	0.999858839328	0.999811533326	0.999731976251	0.999632409251	0.999505577843	0.999387663021	0.999038588613	0.998256069184	0.995608348999
177-178	0.999599926766	0.999805435545	0.99985635738	0.999863749264	0.999818204713	0.999742719819	0.999643694932	0.999522312131	0.99940127051	0.999064003567	0.998306422616	0.995712063266
178-179	0.999610880531	0.999810543972	0.999858969064	0.999867431717	0.99982737787	0.999747243427	0.999648531652	0.999533721873	0.999412013264	0.999091596945	0.998353230031	0.995796331108
179-180	0.999624442336	0.999815874505	0.999864192432	0.999868045459	0.999835717103	0.999756290642	0.999659011213	0.999551216811	0.999430634037	0.999119916465	0.998400746649	0.995900045375
180-181	0.999631223238	0.999821871355	0.999867177214	0.999871114169	0.999838218873	0.999762510602	0.999668684654	0.999558823306	0.999445673893	0.999146783701	0.998437625219	0.996000518571
181-182	0.999642698611	0.999827646099	0.999872027484	0.999876024105	0.999846558107	0.999770992366	0.999675939734	0.999570993697	0.999464294667	0.999170746372	0.998470248569	0.996099371232
182-183	0.999653652377	0.999831643999	0.999876504656	0.999879706558	0.99985239557	0.999780039582	0.999685613175	0.999583924738	0.999476469788	0.999196161325	0.998502871919	0.996190121216
183-184	0.999661998102	0.999837640848	0.999879489438	0.999880934042	0.999854063417	0.99978512864	0.999696092736	0.999603701625	0.999492942011	0.999217945571	0.998541168895	0.99629869709
184-185	0.99967243026	0.99984252717	0.999883593513	0.99988338901	0.999855731263	0.999790217699	0.999707378417	0.999613590068	0.999509414233	0.9992411821	0.998580884277	0.996386206002
185-186	0.999678167946	0.999846747175	0.999888816881	0.999885230236	0.99986240265	0.999792479502	0.999713021257	0.999627281758	0.999528035007	0.999262240205	0.998612089221	0.996462371167
186-187	0.999687556888	0.999852744025	0.999890309272	0.999888912688	0.99986740619	0.999798699463	0.999720276338	0.999636409552	0.999543074863	0.999283298309	0.998641875758	0.996543397939
187-188	0.999696424222	0.999857630347	0.999893667151	0.999893208883	0.999870741883	0.999804919423	0.999727531419	0.999650101242	0.999556682351	0.999305082555	0.998671662294	0.996622804174
188-189	0.999702683516	0.999860517719	0.99989553264	0.999899346303	0.99987741327	0.999809443031	0.999735592619	0.99965390449	0.999569573656	0.999324688376	0.998711377677	0.996716795229
189-190	0.999712072458	0.99986296088	0.999899636715	0.999902415014	0.999879081117	0.999818490246	0.99974042934	0.999660750335	0.99958031641	0.999342841915	0.998738327401	0.996786478252
190-191	0.999720939791	0.999867625097	0.999900756008	0.999906711208	0.999881582887	0.999824710206	0.9997468783	0.999669117479	0.999593923898	0.999358090887	0.998770950751	0.996865884488
191-192	0.999729807125	0.999871400891	0.999902248399	0.999909166176	0.99988491858	0.999831495618	0.999755745621	0.999683569819	0.999603950469	0.999374792142	0.998801446491	0.996925844299
192-193	0.999736588027	0.999874732474	0.999904860083	0.999912234886	0.999886586427	0.999838281029	0.999762194581	0.999691936963	0.999613977039	0.999394397963	0.998829105418	0.996984183574
193-194	0.999742847322	0.999878730374	0.999906352474	0.999912234886	0.999889088197	0.999843370088	0.999768643542	0.99969726151	0.999622571242	0.999406016228	0.998862437971	0.997044143385
194-195	0.999750149832	0.99988139564	0.999908217962	0.999913462371	0.999896593507	0.999849024597	0.999775898622	0.999702586056	0.999633313996	0.999422717483	0.998890806102	0.997125170156
195-196	0.99975797395	0.999885837751	0.999910829646	0.999916531081	0.9998999292	0.999851286401	0.999777510862	0.9997109532	0.999646921485	0.999436514172	0.998923429452	0.997186750502
196-197	0.999760581989	0.999886726173	0.999915679916	0.999918986049	0.999904098817	0.999852982754	0.999779929223	0.999717799046	0.999652650954	0.999452489286	0.998948251566	0.997271018344
197-198	0.99976527646	0.999888280912	0.9999182916	0.999922054759	0.999908268433	0.999856375459	0.999785572063	0.999729969437	0.999663393708	0.999469190541	0.998967400054	0.997337460297
198-199	0.999772057362	0.999889835651	0.999920530187	0.999924509728	0.999911604127	0.999859202714	0.999792827144	0.999737575932	0.99966983936	0.999486617938	0.998994349778	0.997415245997
199-200	0.99977988148	0.999891612495	0.999923514968	0.999926350954	0.99991493982	0.999859768165	0.999800082224	0.999742139829	0.999681298298	0.999497510061	0.999017753485	0.997489790627
200-201	0.999785097559	0.999894277762	0.999924261164	0.999926964696	0.999915773743	0.999862029969	0.999803306705	0.999753549571	0.999688460134	0.99951638974	0.999043994006	0.997551370973
201-202	0.999787705598	0.999897609345	0.99992649975	0.999927578438	0.999918275513	0.999867119027	0.999808949545	0.999757352818	0.999697054337	0.99953018643	0.999070234526	0.997601607571
202-203	0.999790313638	0.999899164084	0.999928365239	0.999931874632	0.999923279053	0.999868249929	0.999814592385	0.999761156065	0.999702067622	0.999539626269	0.999090092218	0.997651844169
203-204	0.999796572932	0.999900718822	0.999929111434	0.999933102116	0.9999249469	0.999872208086	0.999819429106	0.999771044509	0.999708513274	0.999551244534	0.999109240706	0.997700460232
204-205	0.999802310619	0.999902051456	0.999930603825	0.999935557084	0.999929116517	0.999873904439	0.999824265826	0.999777129704	0.999714958927	0.999566493506	0.9991298076	0.997745835224
205-206	0.999807005089	0.999904050406	0.999932842411	0.999937398311	0.99993245221	0.999875600792	0.999827490306	0.999784736199	0.999721404579	0.999573754921	0.999156048121	0.997787969145
206-207	0.999812742776	0.999906493566	0.999934334802	0.999939239537	0.999936621827	0.999877862595	0.999833133147	0.999787778797	0.999730714966	0.999586099327	0.999173068999	0.997838205743
207-208	0.999815350815	0.999908936727	0.999935454095	0.999941080763	0.999936621827	0.99988068985	0.999836357627	0.999793103343	0.999737160618	0.999597717592	0.999197891113	0.997888442341
208-209	0.99982161011	0.999912712522	0.999937319584	0.999942308247	0.999938289673	0.999884082556	0.999838775987	0.999796906591	0.999742890087	0.999605705149	0.999222713227	0.99793867894
209-210	0.999826826188	0.999914489366	0.99993955817	0.999946604441	0.999939123597	0.999887475262	0.999840388227	0.999804513085	0.999745754822	0.99961587113	0.999242570919	0.997992156609
210-211	0.999830999051	0.999916488316	0.999940677463	0.99994905941	0.999941625367	0.999891433418	0.999845224948	0.999810598281	0.999752200474	0.99962531097	0.999261719407	0.998050495884
211-212	0.99983621513	0.999919153582	0.999942169854	0.999950286894	0.99994245929	0.999894260673	0.999850061668	0.999814401529	0.999758646127	0.999630393961	0.999276612675	0.998097491411
212-213	0.999842474424	0.999920930427	0.999944781538	0.999951514378	0.999943293213	0.999896522477	0.999854092269	0.999819726075	0.999761510861	0.999641286084	0.999286541521	0.998142866403
213-214	0.999849255327	0.999922707271	0.999945900831	0.999954583088	0.999945794983	0.999899349731	0.999861347349	0.999824289972	0.999767956513	0.999649273641	0.999304980805	0.998178518182
214-215	0.999853428189	0.999923595693	0.999948885613	0.999954583088	0.999946628907	0.999902176986	0.999864571829	0.99982657192	0.999773685982	0.999660891905	0.999314909651	0.998212549426
215-216	0.999857079445	0.999925150432	0.999950378004	0.99995519683	0.999946628907	0.999906135143	0.99986699019	0.999830375168	0.9997772669	0.999671784028	0.999333348936	0.998261165489
216-217	0.999860209092	0.999926705171	0.999950751102	0.999959493025	0.999948296753	0.999908396947	0.99987182691	0.999833417765	0.999780847818	0.99968195001	0.999351788221	0.998304919946
217-218	0.999864903563	0.999928482015	0.999952243493	0.999959493025	0.999950798523	0.999912355103	0.99987505139	0.999839502961	0.999785861103	0.999686306859	0.999369518302	0.998347053867
218-219	0.999867511602	0.999929592543	0.999953362786	0.999961334251	0.999953300293	0.999912920554	0.99987827587	0.999845588157	0.999790158205	0.999693568274	0.999378737944	0.998382705646
219-220	0.999868554818	0.999930925176	0.999955228274	0.999964402961	0.999953300293	0.999915747809	0.999882306471	0.999848630755	0.999798752408	0.999704460397	0.999395758823	0.998419977961
220-221	0.999870641249	0.999932924126	0.99995597447	0.999964402961	0.999955802063	0.999918009613	0.999885530951	0.999850912703	0.999801617143	0.999708817246	0.999407106075	0.998460491346
221-222	0.999873770896	0.999934478865	0.999956720665	0.999966857929	0.999955802063	0.999918575064	0.999889561551	0.999860040497	0.999807346611	0.999718257086	0.999426963766	0.998486419913
222-223	0.999877943759	0.999935589393	0.999957839958	0.999966857929	0.999958303833	0.999920836867	0.999892786032	0.999862322445	0.99981307608	0.999726970784	0.999435474205	0.998520451157
223-224	0.999879508583	0.999935811498	0.999958959251	0.999968085413	0.99995997168	0.99992253322	0.999893592152	0.999868407641	0.999815940815	0.999730601492	0.999447530661	0.998562585078
224-225	0.99988263823	0.99993669992	0.999960078545	0.999968085413	0.999960805603	0.999924795024	0.999899234992	0.999872971538	0.9998209541	0.999737862907	0.999464551539	0.998598236857
225-226	0.999884724661	0.999938254659	0.999960451642	0.999969312897	0.999961639527	0.999926491377	0.999901653352	0.999876014136	0.999825967385	0.999741493615	0.999479444807	0.998633888637
226-227	0.999884724661	0.999940031503	0.999961570935	0.999969312897	0.99996247345	0.999928753181	0.999904071712	0.999878296084	0.999827399752	0.99974875503	0.999490082856	0.998667919881
227-228	0.999888897524	0.99994069782	0.999963063326	0.999969312897	0.999964141297	0.999930449534	0.999907296193	0.999882099332	0.99983098067	0.999755290304	0.999504976125	0.998701951125
228-229	0.999892027172	0.99994269677	0.999964555717	0.999969926639	0.999964141297	0.999932711337	0.999907296193	0.99988438128	0.999834561588	0.999760373295	0.999514195767	0.998731120762
229-230	0.999895156819	0.999943585192	0.999965301913	0.999969926639	0.99996497522	0.999933842239	0.999908908433	0.999886663229	0.999837426323	0.999762551719	0.999524833816	0.998753808258
230-231	0.999897764858	0.99994469572	0.99996567501	0.999970540381	0.999965809143	0.999934973141	0.999909714553	0.999888945177	0.999839574873	0.999766908569	0.999536181068	0.998782977896
231-232	0.999899329682	0.999945362036	0.999966048108	0.999972381608	0.999968310913	0.999937234945	0.999914551273	0.999891227125	0.999845304342	0.999771991559	0.99954540071	0.998795942179
232-233	0.999901937721	0.999946250459	0.999966421206	0.999973609092	0.999968310913	0.999938365847	0.999920194114	0.999892748424	0.999847452893	0.999776348409	0.999556747963	0.998820250211
233-234	0.999904024153	0.99994669467	0.999967167401	0.999975450318	0.99996997876	0.9999400622	0.999921806354	0.999895030373	0.999852466178	0.999783609824	0.999568095215	0.998846178777
234-235	0.999904024153	0.999948915725	0.999967913597	0.999975450318	0.99997248053	0.999940627651	0.999924224714	0.999897312321	0.999858195647	0.99978651439	0.999575896451	0.998868866273
235-236	0.999905588976	0.999950470464	0.999967913597	0.999976677802	0.999973314453	0.999943454905	0.999925836954	0.99989959427	0.999861060381	0.999790145098	0.999582988483	0.998902897517
236-237	0.9999071538	0.999951136781	0.999968659792	0.999977291544	0.999973314453	0.999944585807	0.999926643074	0.999900354919	0.999864641299	0.999793775805	0.999593626532	0.998923964478
237-238	0.999908718623	0.999952913625	0.99996903289	0.999977291544	0.999973314453	0.99994628216	0.999928255314	0.999902636867	0.999868938401	0.999796680371	0.999602846175	0.998956375186
238-239	0.999910805055	0.999953802047	0.999969779085	0.999978519028	0.999974148377	0.999947413062	0.999930673675	0.999911764661	0.999873951686	0.999801763362	0.999612065817	0.998972580541
239-240	0.999911848271	0.999954912575	0.999970898378	0.999978519028	0.9999749823	0.999949109415	0.999932285915	0.999915567909	0.999879681155	0.999808298636	0.999625540679	0.998993647501
240-241	0.999912891486	0.999956911525	0.999972017671	0.999978519028	0.999975816223	0.999949674866	0.999934704275	0.999918610506	0.999881829706	0.99981483391	0.999634051118	0.999006611785
241-242	0.999915499526	0.999957355736	0.999973136965	0.999978519028	0.99997748407	0.999949674866	0.999934704275	0.999919371156	0.99988469444	0.999819190759	0.999643979964	0.99902605821
242-243	0.999917585957	0.999958466264	0.999973510062	0.999978519028	0.999978317993	0.999950805768	0.999935510395	0.999920131805	0.999889707725	0.999822095325	0.999646816777	0.999045504635
243-244	0.999921237212	0.999959576791	0.999974256258	0.999978519028	0.999978317993	0.999951371219	0.999937928755	0.999923174403	0.99989257246	0.999823547608	0.999656036419	0.999061709989
244-245	0.999922280428	0.999960909424	0.999974629355	0.99997913277	0.999978317993	0.99995250212	0.999939540995	0.999925456352	0.999894721011	0.999830082882	0.999663837655	0.999084397485
245-246	0.999924366859	0.999961797847	0.999975375551	0.999979746512	0.999980819763	0.999954763924	0.999941959355	0.999930780898	0.999898301929	0.999832987448	0.999673766501	0.999100602839
246-247	0.999926453291	0.999962464163	0.999976121746	0.999979746512	0.999980819763	0.999954763924	0.999945183836	0.999931541547	0.999901166663	0.999837344297	0.999684404549	0.999116808193
247-248	0.999927496507	0.999963574691	0.999976867942	0.999979746512	0.999980819763	0.999954763924	0.999946796076	0.999934584145	0.999901166663	0.999840975005	0.999689368972	0.999137875154
248-249	0.99992906133	0.999964241008	0.999977614137	0.999980360254	0.999981653687	0.999956460277	0.999948408316	0.999935344795	0.999903315214	0.999842427288	0.999695751802	0.999149218902
249-250	0.999931147762	0.999964907324	0.99997873343	0.999980360254	0.99998248761	0.999956460277	0.999952438916	0.999939148042	0.999906179948	0.999845331854	0.999704971444	0.999176768004
250-251	0.999933234193	0.99996512943	0.99997873343	0.999980360254	0.99998248761	0.999956460277	0.999952438916	0.999939908692	0.999909044683	0.99984823642	0.999714191086	0.999186491217
251-252	0.99993636384	0.999966017852	0.99997873343	0.999980360254	0.99998248761	0.99995815663	0.999952438916	0.999941429991	0.99991047705	0.999849688703	0.999723410729	0.999194593894
252-253	0.999937928664	0.999966462063	0.999980598919	0.999980360254	0.999983321533	0.999960418434	0.999952438916	0.999941429991	0.999912625601	0.999852593269	0.999733339574	0.999212419783
253-254	0.999940536703	0.999966906274	0.999980972017	0.999980973996	0.999983321533	0.999960418434	0.999953245036	0.99994295129	0.999915490335	0.999856223977	0.999741850013	0.999230245673
254-255	0.999941579919	0.999967350485	0.99998209131	0.999980973996	0.999984155457	0.999961549336	0.999953245036	0.999944472588	0.999916922702	0.999859854685	0.999750360453	0.999252933169
255-256	0.999943144743	0.999968238907	0.999982837505	0.99998220148	0.999985823303	0.999962114787	0.999954857276	0.999944472588	0.999925516906	0.999862033109	0.999756034079	0.999272379594
256-257	0.99994366635	0.999968905224	0.999983210603	0.999984042707	0.999986657227	0.99996437659	0.999954857276	0.999944472588	0.99992838164	0.999865663817	0.999760289298	0.999290205484
257-258	0.99994366635	0.999970237857	0.999983583701	0.999985270191	0.999986657227	0.999966072943	0.999955663397	0.999945233238	0.999929097824	0.999868568383	0.999763126111	0.999293446555
258-259	0.99994627439	0.999970237857	0.999983583701	0.999985883933	0.999986657227	0.999966072943	0.999956469517	0.999945993887	0.999929814007	0.999870020666	0.999770927347	0.999306410838
259-260	0.999947317605	0.999971126279	0.999983583701	0.999985883933	0.99998749115	0.999966638394	0.999957275637	0.999948275836	0.999931246374	0.999872199091	0.999775182567	0.999324236728
260-261	0.999947839213	0.999972236807	0.999983956798	0.999985883933	0.99998749115	0.999966638394	0.999958887877	0.999949036485	0.999934111109	0.999875103657	0.999780856193	0.999343683153
261-262	0.999948882429	0.999972458913	0.999983956798	0.999986497675	0.999988325073	0.999967203845	0.999961306237	0.999949036485	0.999935543476	0.999878008223	0.999787948225	0.999359888507
262-263	0.999950447253	0.999974013651	0.999984329896	0.999987111417	0.999988325073	0.999968900198	0.999961306237	0.999951318434	0.999939124394	0.999882365072	0.999790785038	0.999371232255
263-264	0.999952012076	0.999974235757	0.999985076091	0.999987111417	0.999989158997	0.999969465649	0.999961306237	0.999951318434	0.999941272945	0.999884543497	0.999797877071	0.999385817074
264-265	0.999953055292	0.999974457863	0.999985449189	0.999987111417	0.999989158997	0.999970596551	0.999962112357	0.999952079083	0.999941989128	0.999886721921	0.999803550697	0.999402022428
265-266	0.999953055292	0.999975346285	0.999985822287	0.999987111417	0.999989158997	0.999971162002	0.999962112357	0.999952839733	0.999944137679	0.999888900346	0.999807805917	0.999416607247
266-267	0.999954098508	0.999976012601	0.999986195385	0.999987725159	0.999989158997	0.999971727453	0.999962918477	0.999954361032	0.999944137679	0.999889626487	0.999812770339	0.999431192066
267-268	0.999955663331	0.999976456812	0.999986568482	0.999987725159	0.999989158997	0.999972292904	0.999962918477	0.999954361032	0.999945570046	0.999892531053	0.999816316356	0.999445776885
268-269	0.999956184939	0.999976901024	0.999986568482	0.999988338901	0.999989158997	0.999972858355	0.999965336837	0.999955121681	0.99994628623	0.999893983337	0.999821989982	0.999455500097
269-270	0.999956706547	0.999978011551	0.999986568482	0.999988338901	0.999989158997	0.999973423805	0.999966949077	0.99995664298	0.999949867148	0.99989543562	0.999827663608	0.99946522331
270-271	0.999956706547	0.999978899973	0.999986568482	0.999988952643	0.999989158997	0.999973423805	0.999966949077	0.99995740363	0.999950583332	0.999899792469	0.999831209624	0.999474946522
271-272	0.999957749763	0.999979344185	0.999986568482	0.999988952643	0.999989158997	0.999973989256	0.999967755197	0.999958164279	0.999951299515	0.99990051861	0.99983688325	0.99948629027
272-273	0.999957749763	0.999979788396	0.99998694158	0.999989566385	0.999989158997	0.999975120158	0.999969367438	0.999958924928	0.999952731882	0.999904149318	0.99984113847	0.999494392947
273-274	0.999957749763	0.999980010501	0.99998694158	0.999989566385	0.999989158997	0.999975685609	0.999969367438	0.999958924928	0.999953448066	0.999907053884	0.999843975283	0.999510598302
274-275	0.999958792979	0.999980676818	0.99998694158	0.999989566385	0.99998999292	0.99997625106	0.999970173558	0.999960446227	0.999953448066	0.999909232309	0.999846102893	0.999518700979
275-276	0.999959314586	0.999981121029	0.99998694158	0.999990180127	0.99998999292	0.999976816511	0.999970979678	0.999960446227	0.999954880433	0.999912136875	0.999849648909	0.999538147404
276-277	0.999959836194	0.999981343134	0.999987687775	0.999990180127	0.99998999292	0.999977381962	0.999972591918	0.999961206877	0.9999563128	0.999914315299	0.999855322535	0.999546250081
277-278	0.999959836194	0.999982009451	0.999987687775	0.999990793869	0.99998999292	0.999977381962	0.999972591918	0.999961206877	0.999957028984	0.999915041441	0.999856740942	0.999554352758
278-279	0.999961401018	0.999982675768	0.999988060873	0.999990793869	0.999990826843	0.999977381962	0.999972591918	0.999962728176	0.999957745168	0.999917946007	0.999865960584	0.999564075971
279-280	0.999961922626	0.999982897873	0.999988807069	0.999991407611	0.999991660767	0.999977947413	0.999973398038	0.999962728176	0.999959177535	0.999917946007	0.9998695066	0.999575419719
280-281	0.999963487449	0.999983119979	0.999989553264	0.999992021353	0.999991660767	0.999979078315	0.999974204158	0.999965010124	0.999959177535	0.999920124432	0.999870925007	0.99958190186
281-282	0.999963487449	0.999983342084	0.999989926362	0.999992021353	0.99999249469	0.999979078315	0.999974204158	0.999967292073	0.999959177535	0.999920850573	0.999872343413	0.999588384002
282-283	0.999964009057	0.999983342084	0.999990672557	0.999993248837	0.99999249469	0.999979643766	0.999975816398	0.999967292073	0.999959177535	0.999920850573	0.999874471023	0.999591625073
283-284	0.999964009057	0.99998356419	0.999990672557	0.999993248837	0.99999249469	0.999979643766	0.999976622518	0.999968052722	0.999959177535	0.999923028998	0.99987588943	0.999596486679
284-285	0.999964530665	0.999983786295	0.999990672557	0.999993248837	0.99999249469	0.999981340119	0.999976622518	0.999968052722	0.999959893718	0.999924481281	0.999880853852	0.999606209892
285-286	0.999966095489	0.999984230506	0.999990672557	0.999993248837	0.99999249469	0.999982471021	0.999977428638	0.999968052722	0.999961326086	0.999925933564	0.999883690665	0.999615933104
286-287	0.999966095489	0.999984230506	0.999990672557	0.999993248837	0.99999249469	0.999983036472	0.999979040878	0.999968052722	0.999961326086	0.999925933564	0.999885818275	0.999624035781
287-288	0.999966617097	0.999984452612	0.999990672557	0.999993248837	0.999993328613	0.999983601923	0.999979040878	0.999968813372	0.999961326086	0.999928111988	0.999888655088	0.999632138459
288-289	0.999967138704	0.999984674718	0.999990672557	0.999993248837	0.999993328613	0.999983601923	0.999981459239	0.999970334671	0.999962758453	0.999929564272	0.999891491901	0.999643482207
289-290	0.999967138704	0.999984674718	0.999990672557	0.999993248837	0.999993328613	0.999983601923	0.999981459239	0.999970334671	0.999962758453	0.999929564272	0.999892910308	0.999649964348
290-291	0.999967660312	0.999984896823	0.999990672557	0.999993248837	0.999993328613	0.999984167373	0.999981459239	0.999970334671	0.999963474636	0.999930290413	0.999895037918	0.999654825954
291-292	0.99996818192	0.99998556314	0.999990672557	0.999993862579	0.99999499646	0.999984732824	0.999982265359	0.99997185597	0.999964907004	0.999931016555	0.999896456324	0.999667790238
292-293	0.999969225136	0.999985785245	0.999991418753	0.999993862579	0.99999499646	0.999985298275	0.999982265359	0.999974137918	0.999968487922	0.999931016555	0.999899293137	0.999667790238
293-294	0.999970789959	0.999986007351	0.999991418753	0.999993862579	0.99999499646	0.999985863726	0.999985489839	0.999974898567	0.999968487922	0.999933194979	0.99990212995	0.999679133986
294-295	0.999970789959	0.999986007351	0.999991418753	0.999993862579	0.999995830383	0.999985863726	0.999985489839	0.999974898567	0.999970636472	0.999933194979	0.999905675966	0.999685616128
295-296	0.999970789959	0.999986673667	0.99999179185	0.999993862579	0.999995830383	0.999985863726	0.999985489839	0.999975659217	0.999970636472	0.999936099545	0.999907803576	0.999690477734
296-297	0.999971311567	0.999987117879	0.999992164948	0.999993862579	0.999995830383	0.999986994628	0.999985489839	0.999976419866	0.999970636472	0.999937551828	0.999909931186	0.999692098269
297-298	0.999972354783	0.999987117879	0.999992538046	0.999993862579	0.999995830383	0.99998812553	0.999985489839	0.999976419866	0.999971352656	0.999941182536	0.999912767999	0.999696959876
298-299	0.999972354783	0.99998756209	0.999992538046	0.999993862579	0.999995830383	0.999988690981	0.999985489839	0.999977180516	0.99997206884	0.999941182536	0.999913477202	0.999705062553
299-300	0.999972876391	0.99998756209	0.999992911143	0.999993862579	0.999996664307	0.999989821883	0.999986295959	0.999977941165	0.999972785023	0.999942634819	0.999914895609	0.999719647371
300-301	0.999972876391	0.999987784195	0.999992911143	0.999993862579	0.999996664307	0.999989821883	0.999987102079	0.999977941165	0.999973501207	0.999943360961	0.999915604812	0.999722888442
301-302	0.999973397999	0.999988006301	0.999992911143	0.999993862579	0.999996664307	0.999989821883	0.999987102079	0.999977941165	0.99997421739	0.999944813244	0.999917023219	0.999726129513
302-303	0.999973919607	0.999988228406	0.999992911143	0.999995090064	0.999996664307	0.999990952785	0.999987102079	0.999979462464	0.999974933574	0.999945539385	0.999917732422	0.999740714332
303-304	0.999976527646	0.999988450512	0.999992911143	0.999995090064	0.999996664307	0.999990952785	0.999987908199	0.999979462464	0.999976365941	0.999946991668	0.999918441625	0.999743955403
304-305	0.999977049254	0.999988450512	0.999992911143	0.999995703806	0.999996664307	0.999990952785	0.999987908199	0.999979462464	0.999976365941	0.99994771781	0.999920569235	0.999755299151
305-306	0.999977049254	0.999988450512	0.999994030437	0.999995703806	0.999996664307	0.999990952785	0.999987908199	0.999979462464	0.999976365941	0.999948443951	0.999921278438	0.999765022363
306-307	0.999977049254	0.999988672617	0.999994030437	0.999995703806	0.999996664307	0.999990952785	0.999988714319	0.999980223114	0.999977082125	0.999949170093	0.999921278438	0.999774745576
307-308	0.99997809247	0.999989116828	0.999994030437	0.999995703806	0.999996664307	0.999990952785	0.999988714319	0.999980983763	0.999978514492	0.999951348517	0.999923406048	0.999776366111
308-309	0.99997809247	0.999989116828	0.999994403534	0.999996317548	0.999996664307	0.999990952785	0.999990326559	0.999981744413	0.999978514492	0.999953526942	0.999924115251	0.999781227718
309-310	0.999978614077	0.999989116828	0.999994776632	0.999996317548	0.999996664307	0.999990952785	0.999990326559	0.999981744413	0.999979230676	0.999953526942	0.999924115251	0.999786089324
310-311	0.999979135685	0.999989338934	0.999994776632	0.999996317548	0.999996664307	0.999991518236	0.999990326559	0.999983265712	0.999979230676	0.999955705367	0.999928370471	0.999792571466
311-312	0.999979135685	0.999989561039	0.999994776632	0.999996317548	0.999996664307	0.999991518236	0.999990326559	0.999983265712	0.999979946859	0.99995715765	0.999930498081	0.999795812536
312-313	0.999979657293	0.999990227356	0.999994776632	0.999996317548	0.999996664307	0.999992083687	0.999990326559	0.999984787011	0.999979946859	0.999957883791	0.999930498081	0.999802294678
313-314	0.999979657293	0.999990449462	0.999994776632	0.999996317548	0.999996664307	0.999992083687	0.999991132679	0.99998554766	0.999979946859	0.999957883791	0.999930498081	0.999805535749
314-315	0.999979657293	0.999990449462	0.999994776632	0.999996317548	0.999996664307	0.999992083687	0.999991132679	0.999987068959	0.999979946859	0.999959336074	0.999931207284	0.99980877682
315-316	0.999981743725	0.999990449462	0.999994776632	0.999996317548	0.99999749823	0.999992083687	0.999991132679	0.999987068959	0.999980663043	0.999959336074	0.99993262569	0.999820120568
316-317	0.999982265333	0.999991337884	0.99999514973	0.999996317548	0.99999749823	0.999992083687	0.999991132679	0.999987829608	0.999980663043	0.999959336074	0.9999347533	0.999824982174
317-318	0.99998278694	0.999991337884	0.99999514973	0.999996317548	0.99999749823	0.999992083687	0.999991938799	0.999987829608	0.999980663043	0.999960062216	0.9999347533	0.99982660271
318-319	0.99998278694	0.9999920042	0.99999514973	0.999996317548	0.99999749823	0.999992083687	0.999991938799	0.999987829608	0.999981379226	0.999960788357	0.99993900852	0.999831464316
319-320	0.999983308548	0.999992226306	0.99999514973	0.999996317548	0.999998332153	0.999992083687	0.999991938799	0.999987829608	0.999981379226	0.999961514499	0.999939717723	0.999836325922
320-321	0.999983308548	0.999992448412	0.99999514973	0.999996317548	0.999998332153	0.999992083687	0.999991938799	0.999987829608	0.999981379226	0.999961514499	0.999941136129	0.999836325922
321-322	0.999984351764	0.999992448412	0.99999514973	0.999996317548	0.999998332153	0.999992083687	0.999991938799	0.999987829608	0.999981379226	0.999961514499	0.999942554536	0.999839566993
322-323	0.999984873372	0.999992448412	0.99999514973	0.99999693129	0.999998332153	0.999992649138	0.999991938799	0.999987829608	0.999981379226	0.999961514499	0.999943263739	0.999842808064
323-324	0.99998539498	0.999992670517	0.999995522827	0.99999693129	0.999998332153	0.999992649138	0.999991938799	0.999987829608	0.999981379226	0.999961514499	0.999943263739	0.999846049135
324-325	0.99998539498	0.999992670517	0.999995522827	0.99999693129	0.999998332153	0.999993214589	0.999991938799	0.999987829608	0.99998209541	0.999962966782	0.999943972942	0.999849290205
325-326	0.999985916588	0.999992670517	0.999995895925	0.99999693129	0.999998332153	0.999993214589	0.999992744919	0.999987829608	0.999982811594	0.999964419065	0.999944682146	0.999857392883
326-327	0.999986438195	0.999993114728	0.999995895925	0.99999693129	0.999998332153	0.99999378004	0.999993551039	0.999987829608	0.999982811594	0.999965145207	0.999948228162	0.999860633953
327-328	0.999986959803	0.999993336834	0.999995895925	0.99999693129	0.999998332153	0.99999378004	0.999993551039	0.999987829608	0.999982811594	0.999965145207	0.999948937365	0.999862254489
328-329	0.999987481411	0.999993336834	0.999995895925	0.99999693129	0.999998332153	0.99999378004	0.999993551039	0.999987829608	0.999982811594	0.999965145207	0.999950355772	0.99986549556
329-330	0.999987481411	0.999993558939	0.999995895925	0.99999693129	0.999998332153	0.99999378004	0.999993551039	0.999987829608	0.999983527777	0.99996659749	0.999950355772	0.999867116095
330-331	0.999988524627	0.999993781045	0.999995895925	0.99999693129	0.999998332153	0.99999378004	0.999993551039	0.999988590258	0.999983527777	0.999967323631	0.999950355772	0.999867116095
331-332	0.999989046235	0.999993781045	0.999995895925	0.999997545032	0.999998332153	0.99999378004	0.999993551039	0.999988590258	0.999983527777	0.999968049773	0.999952483382	0.999873598237
332-333	0.999989567843	0.999993781045	0.999995895925	0.999997545032	0.999998332153	0.99999378004	0.99999435716	0.999988590258	0.999984243961	0.999969502056	0.999952483382	0.999875218772
333-334	0.999989567843	0.99999400315	0.999995895925	0.999997545032	0.999998332153	0.99999378004	0.99999435716	0.999988590258	0.999984960144	0.999969502056	0.999953192585	0.999878459843
334-335	0.999990089451	0.999994225256	0.999995895925	0.999997545032	0.999998332153	0.99999378004	0.99999435716	0.999988590258	0.999984960144	0.999970228197	0.999953901788	0.999884941985
335-336	0.999990611058	0.999994225256	0.999995895925	0.999997545032	0.999998332153	0.99999378004	0.99999435716	0.999988590258	0.999984960144	0.999970954339	0.999953901788	0.99988656252
336-337	0.999990611058	0.999994447361	0.999995895925	0.999997545032	0.999998332153	0.99999378004	0.99999435716	0.999988590258	0.999984960144	0.999973132763	0.999953901788	0.99988656252
337-338	0.999990611058	0.999994447361	0.999995895925	0.999997545032	0.999998332153	0.99999378004	0.99999435716	0.999989350907	0.999984960144	0.999973858905	0.999953901788	0.999888183056
338-339	0.999991132666	0.999994447361	0.999995895925	0.999997545032	0.999998332153	0.99999378004	0.99999435716	0.999989350907	0.999984960144	0.999974585046	0.999953901788	0.999894665197
339-340	0.999991654274	0.999994447361	0.999995895925	0.999997545032	0.999998332153	0.99999378004	0.99999435716	0.999989350907	0.999985676328	0.999976037329	0.999953901788	0.999894665197
340-341	0.999991654274	0.999994447361	0.999995895925	0.999997545032	0.999998332153	0.999994345491	0.99999435716	0.999989350907	0.999987108695	0.999976763471	0.999954610991	0.999894665197
341-342	0.999992175882	0.999994669467	0.999995895925	0.999997545032	0.999998332153	0.999995476392	0.99999516328	0.999989350907	0.999987824879	0.999977489613	0.999955320195	0.999894665197
342-343	0.999992175882	0.999994669467	0.999995895925	0.999997545032	0.999998332153	0.999995476392	0.99999516328	0.999990111557	0.99998997343	0.999977489613	0.999956029398	0.999899526804
343-344	0.999992175882	0.999995113678	0.999995895925	0.999997545032	0.999998332153	0.999996041843	0.99999516328	0.999990872206	0.999990689613	0.999978941896	0.999959575414	0.999901147339
344-345	0.999992175882	0.999995113678	0.999996269023	0.999997545032	0.999998332153	0.999996041843	0.99999516328	0.999990872206	0.999990689613	0.999978941896	0.999960284617	0.999909250016
345-346	0.999992175882	0.999995113678	0.999996642121	0.999997545032	0.999998332153	0.999996041843	0.99999516328	0.999990872206	0.999990689613	0.999978941896	0.999961703024	0.999909250016
346-347	0.999992175882	0.999995113678	0.999996642121	0.999997545032	0.999998332153	0.999996041843	0.9999959694	0.999990872206	0.999991405797	0.999979668037	0.999962412227	0.999912491087
347-348	0.999992175882	0.999995113678	0.999996642121	0.999998158774	0.999998332153	0.999996041843	0.9999959694	0.999990872206	0.999991405797	0.999980394179	0.999962412227	0.999914111622
348-349	0.999992175882	0.999995335784	0.999996642121	0.999998158774	0.999998332153	0.999996041843	0.9999959694	0.999991632856	0.999992838164	0.999980394179	0.999963830634	0.999914111622
349-350	0.999992175882	0.999995335784	0.999996642121	0.999998158774	0.999998332153	0.999996041843	0.9999959694	0.999991632856	0.999992838164	0.999980394179	0.999963830634	0.999918973229
350-351	0.999992175882	0.999995335784	0.999996642121	0.999998158774	0.999998332153	0.999996041843	0.9999959694	0.999991632856	0.999992838164	0.999980394179	0.99996524904	0.999920593764
351-352	0.99999269749	0.999995557889	0.999996642121	0.999998158774	0.999998332153	0.999996041843	0.9999959694	0.999992393505	0.999992838164	0.99998112032	0.99996524904	0.999920593764
352-353	0.99999269749	0.999995557889	0.999996642121	0.999998158774	0.999998332153	0.999996607294	0.9999959694	0.999992393505	0.999992838164	0.99998112032	0.999965958244	0.999920593764
353-354	0.99999269749	0.999995779995	0.999996642121	0.999998158774	0.999998332153	0.999996607294	0.9999959694	0.999992393505	0.999993554348	0.99998112032	0.99996737665	0.9999222143
354-355	0.99999269749	0.999995779995	0.999996642121	0.999998158774	0.999998332153	0.999996607294	0.9999959694	0.999992393505	0.999993554348	0.99998112032	0.99996737665	0.999927075906
355-356	0.99999269749	0.9999960021	0.999996642121	0.999998158774	0.999998332153	0.999996607294	0.9999959694	0.999993154155	0.999993554348	0.999981846462	0.999968085853	0.999928696441
356-357	0.99999269749	0.999996224206	0.999997015218	0.999998158774	0.999998332153	0.999996607294	0.9999959694	0.999993154155	0.999993554348	0.999982572603	0.99996950426	0.999928696441
357-358	0.99999269749	0.999996446311	0.999997015218	0.999998158774	0.999999166077	0.999996607294	0.9999959694	0.999993154155	0.999994270531	0.999982572603	0.999970213463	0.999928696441
358-359	0.99999269749	0.999996446311	0.999997015218	0.999998158774	0.999999166077	0.999997172745	0.9999959694	0.999993914804	0.999994986715	0.999983298745	0.999970922666	0.999931937512
359-360	0.99999269749	0.999996446311	0.999997015218	0.999998158774	0.999999166077	0.999997172745	0.9999959694	0.999993914804	0.999994986715	0.999983298745	0.999970922666	0.999933558048
360-361	0.99999269749	0.999996668417	0.999997015218	0.999998158774	0.999999166077	0.999997172745	0.9999959694	0.999993914804	0.999994986715	0.999983298745	0.999972341073	0.999940040189
361-362	0.99999269749	0.999996668417	0.999997388316	0.999998158774	0.999999166077	0.999997172745	0.9999959694	0.999993914804	0.999994986715	0.999984024886	0.999973050276	0.999940040189
362-363	0.99999269749	0.999996668417	0.999997388316	0.999998158774	0.999999166077	0.999997172745	0.9999959694	0.999993914804	0.999994986715	0.999985477169	0.999973050276	0.999941660725
363-364	0.99999269749	0.999997112628	0.999997388316	0.999998158774	0.999999166077	0.999997172745	0.9999959694	0.999993914804	0.999994986715	0.999986203311	0.999973050276	0.999941660725
364-365	0.99999269749	0.999997334733	0.999997388316	0.999998158774	0.999999166077	0.999997172745	0.9999959694	0.999993914804	0.999994986715	0.999986203311	0.999973759479	0.999946522331
365-366	0.999993219098	0.999997556839	0.999997388316	0.999998158774	0.999999166077	0.999997172745	0.9999959694	0.999993914804	0.999994986715	0.999986203311	0.999974468683	0.999946522331
366-367	0.999993219098	0.99999800105	0.999997388316	0.999998158774	0.999999166077	0.999997172745	0.9999959694	0.999993914804	0.999995702898	0.999986203311	0.999975177886	0.999946522331
367-368	0.999993219098	0.99999800105	0.999997388316	0.999998158774	0.999999166077	0.999997172745	0.9999959694	0.999993914804	0.999995702898	0.999986929452	0.999975177886	0.999946522331
368-369	0.999993740706	0.99999800105	0.999997388316	0.999998158774	0.999999166077	0.999997738196	0.99999677552	0.999993914804	0.999995702898	0.999986929452	0.999977305496	0.999949763402
369-370	0.999993740706	0.99999800105	0.999997388316	0.999998158774	0.999999166077	0.999997738196	0.99999677552	0.999993914804	0.999995702898	0.999987655594	0.999977305496	0.999949763402
370-371	0.999993740706	0.99999800105	0.999997388316	0.999998158774	0.999999166077	0.999998303647	0.99999677552	0.999993914804	0.999995702898	0.999987655594	0.999977305496	0.999953004473
371-372	0.999993740706	0.99999800105	0.999997388316	0.999998158774	0.999999166077	0.999998303647	0.99999677552	0.999993914804	0.999995702898	0.999988381736	0.999977305496	0.999954625008
372-373	0.999993740706	0.99999800105	0.999997388316	0.999998158774	0.999999166077	0.999998869098	0.99999677552	0.999993914804	0.999995702898	0.999988381736	0.999978014699	0.999954625008
373-374	0.999994262313	0.99999800105	0.999997388316	0.999998158774	0.999999166077	0.999998869098	0.99999677552	0.999993914804	0.999995702898	0.999988381736	0.999978723902	0.999954625008
374-375	0.999994262313	0.99999800105	0.999997388316	0.999998158774	1.0	0.999998869098	0.99999677552	0.999993914804	0.999995702898	0.999988381736	0.999979433105	0.999957866079
375-376	0.999994783921	0.99999800105	0.999997388316	0.999998158774	1.0	0.999998869098	0.99999677552	0.999993914804	0.999995702898	0.999988381736	0.999979433105	0.999957866079
376-377	0.999995305529	0.99999800105	0.999997761414	0.999998158774	1.0	0.999998869098	0.99999677552	0.999993914804	0.999995702898	0.999989107877	0.999979433105	0.999957866079
377-378	0.999995305529	0.99999800105	0.999998134511	0.999998158774	1.0	0.999998869098	0.99999677552	0.999993914804	0.999995702898	0.999989834019	0.999980851512	0.999959486614
378-379	0.999995305529	0.99999800105	0.999998134511	0.999998158774	1.0	0.999998869098	0.99999677552	0.999993914804	0.999996419082	0.99999056016	0.999981560715	0.999959486614
379-380	0.999995305529	0.99999800105	0.999998134511	0.999998158774	1.0	0.999998869098	0.99999677552	0.999993914804	0.999996419082	0.99999056016	0.999981560715	0.999959486614
380-381	0.999995827137	0.99999800105	0.999998134511	0.999998158774	1.0	0.999998869098	0.99999677552	0.999993914804	0.999996419082	0.999991286302	0.999981560715	0.999959486614
381-382	0.999996348745	0.99999800105	0.999998134511	0.999998158774	1.0	0.999998869098	0.99999677552	0.999993914804	0.999996419082	0.999991286302	0.999982269919	0.999959486614
382-383	0.999996348745	0.99999800105	0.999998134511	0.999998158774	1.0	0.999998869098	0.99999677552	0.999993914804	0.999996419082	0.999991286302	0.999982269919	0.99996110715
383-384	0.999996870353	0.99999800105	0.999998134511	0.999998158774	1.0	0.999998869098	0.99999677552	0.999994675454	0.999997135266	0.999991286302	0.999982269919	0.99996110715
384-385	0.999996870353	0.99999800105	0.999998134511	0.999998158774	1.0	0.999998869098	0.99999677552	0.999994675454	0.999997135266	0.999991286302	0.999982979122	0.999965968756
385-386	0.999996870353	0.99999800105	0.999998134511	0.999998158774	1.0	0.999998869098	0.99999677552	0.999994675454	0.999997135266	0.999991286302	0.999982979122	0.999965968756
386-387	0.999996870353	0.99999800105	0.999998134511	0.999998158774	1.0	0.999998869098	0.99999677552	0.999994675454	0.999997135266	0.999991286302	0.999982979122	0.999965968756
387-388	0.999996870353	0.99999800105	0.999998134511	0.999998158774	1.0	0.999998869098	0.99999677552	0.999994675454	0.999997135266	0.999991286302	0.999984397528	0.999967589292
388-389	0.999996870353	0.99999800105	0.999998134511	0.999998158774	1.0	0.999998869098	0.99999677552	0.999994675454	0.999997135266	0.999991286302	0.999984397528	0.999967589292
389-390	0.999997391961	0.999998445261	0.999998134511	0.999998158774	1.0	0.999998869098	0.99999677552	0.999994675454	0.999997135266	0.999992012443	0.999984397528	0.999967589292
390-391	0.999997391961	0.999998445261	0.999998134511	0.999998158774	1.0	0.999998869098	0.99999758164	0.999994675454	0.999997135266	0.999992738585	0.999984397528	0.999967589292
391-392	0.999997391961	0.999998667367	0.999998134511	0.999998158774	1.0	0.999998869098	0.99999758164	0.999994675454	0.999997135266	0.999992738585	0.999984397528	0.999967589292
392-393	0.999997391961	0.999998667367	0.999998134511	0.999998158774	1.0	0.999998869098	0.99999758164	0.999994675454	0.999997135266	0.999993464726	0.999984397528	0.999969209827
393-394	0.999997391961	0.999998667367	0.999998134511	0.999998158774	1.0	0.999998869098	0.99999758164	0.999994675454	0.999997135266	0.999993464726	0.999985106732	0.999969209827
394-395	0.999997391961	0.999998667367	0.999998134511	0.999998158774	1.0	0.999998869098	0.99999758164	0.999994675454	0.999997851449	0.999993464726	0.999985815935	0.999969209827
395-396	0.999997391961	0.999998667367	0.999998134511	0.999998158774	1.0	0.999998869098	0.99999758164	0.999994675454	0.999997851449	0.999993464726	0.999985815935	0.999969209827
396-397	0.999997391961	0.999998667367	0.999998134511	0.999998158774	1.0	0.999998869098	0.99999758164	0.999994675454	0.999997851449	0.999994190868	0.999985815935	0.999969209827
397-398	0.999997391961	0.999998889472	0.999998134511	0.999998158774	1.0	0.999998869098	0.99999758164	0.999994675454	0.999997851449	0.999994190868	0.999985815935	0.999969209827
398-399	0.999997391961	0.999998889472	0.999998134511	0.999998772516	1.0	0.999999434549	0.99999758164	0.999994675454	0.999997851449	0.999994190868	0.999986525138	0.999969209827
399-400	0.999997391961	0.999998889472	0.999998134511	0.999998772516	1.0	0.999999434549	0.99999758164	0.999994675454	0.999997851449	0.999994190868	0.999987234341	0.999969209827
400-401	0.999997913569	0.999998889472	0.999998134511	0.999998772516	1.0	0.999999434549	0.99999758164	0.999994675454	0.999997851449	0.999994190868	0.999987234341	0.999970830362
401-402	0.999997913569	0.999998889472	0.999998134511	0.999998772516	1.0	0.999999434549	0.99999758164	0.999994675454	0.999997851449	0.999994190868	0.999987234341	0.999970830362
402-403	0.999997913569	0.999998889472	0.999998134511	0.999998772516	1.0	0.999999434549	0.99999758164	0.999994675454	0.999997851449	0.999994917009	0.999987943545	0.999970830362
403-404	0.999997913569	0.999998889472	0.999998134511	0.999998772516	1.0	0.999999434549	0.99999758164	0.999994675454	0.999997851449	0.999994917009	0.999987943545	0.999970830362
404-405	0.999997913569	0.999998889472	0.999998134511	0.999998772516	1.0	0.999999434549	0.99999758164	0.999994675454	0.999997851449	0.999995643151	0.999987943545	0.999974071433
405-406	0.999997913569	0.999999111578	0.999998134511	0.999999386258	1.0	0.999999434549	0.99999758164	0.999994675454	0.999997851449	0.999995643151	0.999987943545	0.999974071433
406-407	0.999997913569	0.999999333683	0.999998507609	0.999999386258	1.0	0.999999434549	0.99999758164	0.999995436103	0.999999283816	0.999995643151	0.999987943545	0.999974071433
407-408	0.999997913569	0.999999333683	0.999998507609	0.999999386258	1.0	1.0	0.99999758164	0.999995436103	0.999999283816	0.999995643151	0.999987943545	0.999974071433
408-409	0.999997913569	0.999999333683	0.999998880707	0.999999386258	1.0	1.0	0.99999758164	0.999995436103	0.999999283816	0.999995643151	0.999987943545	0.999974071433
409-410	0.999997913569	0.999999333683	0.999998880707	0.999999386258	1.0	1.0	0.99999758164	0.999995436103	0.999999283816	0.999995643151	0.999987943545	0.999975691969
410-411	0.999997913569	0.999999555789	0.999998880707	0.999999386258	1.0	1.0	0.99999758164	0.999995436103	0.999999283816	0.999995643151	0.999988652748	0.999977312504
411-412	0.999997913569	0.999999555789	0.999998880707	0.999999386258	1.0	1.0	0.99999758164	0.999995436103	0.999999283816	0.999995643151	0.999988652748	0.999977312504
412-413	0.999998435176	0.999999555789	0.999998880707	0.999999386258	1.0	1.0	0.99999758164	0.999995436103	0.999999283816	0.999995643151	0.999988652748	0.999978933039
413-414	0.999998435176	0.999999555789	0.999998880707	0.999999386258	1.0	1.0	0.99999758164	0.999995436103	0.999999283816	0.999995643151	0.999988652748	0.999978933039
414-415	0.999998435176	0.999999555789	0.999998880707	0.999999386258	1.0	1.0	0.99999758164	0.999995436103	0.999999283816	0.999995643151	0.999988652748	0.999978933039
415-416	0.999998435176	0.999999555789	0.999999253805	0.999999386258	1.0	1.0	0.99999758164	0.999995436103	0.999999283816	0.999995643151	0.999990071154	0.99998217411
416-417	0.999998435176	0.999999777894	0.999999253805	0.999999386258	1.0	1.0	0.99999758164	0.999995436103	0.999999283816	0.999995643151	0.999990071154	0.99998217411
417-418	0.999998435176	0.999999777894	0.999999253805	0.999999386258	1.0	1.0	0.99999758164	0.999995436103	0.999999283816	0.999995643151	0.999990071154	0.99998217411
418-419	0.999998435176	0.999999777894	0.999999253805	0.999999386258	1.0	1.0	0.99999838776	0.999995436103	0.999999283816	0.999995643151	0.999990071154	0.99998217411
419-420	0.999998956784	0.999999777894	0.999999253805	0.999999386258	1.0	1.0	0.99999838776	0.999995436103	0.999999283816	0.999995643151	0.999990071154	0.99998217411
420-421	0.999998956784	0.999999777894	0.999999253805	0.999999386258	1.0	1.0	0.99999838776	0.999996196753	0.999999283816	0.999995643151	0.999990071154	0.99998217411
421-422	0.999999478392	0.999999777894	0.999999253805	0.999999386258	1.0	1.0	0.99999838776	0.999996196753	0.999999283816	0.999995643151	0.999990071154	0.999983794646
422-423	0.999999478392	0.999999777894	0.999999253805	0.999999386258	1.0	1.0	0.99999838776	0.999996196753	0.999999283816	0.999995643151	0.999990071154	0.999983794646
423-424	0.999999478392	0.999999777894	0.999999253805	0.999999386258	1.0	1.0	0.99999838776	0.999996196753	0.999999283816	0.999995643151	0.999990071154	0.999983794646
424-425	0.999999478392	0.999999777894	0.999999253805	0.999999386258	1.0	1.0	0.99999838776	0.999996196753	0.999999283816	0.999995643151	0.999990071154	0.999983794646
425-426	0.999999478392	0.999999777894	0.999999253805	0.999999386258	1.0	1.0	0.99999838776	0.999996196753	0.999999283816	0.999995643151	0.999990071154	0.999985415181
426-427	0.999999478392	0.999999777894	0.999999253805	0.999999386258	1.0	1.0	0.99999838776	0.999996196753	0.999999283816	0.999995643151	0.999990071154	0.999985415181
427-428	0.999999478392	0.999999777894	0.999999253805	0.999999386258	1.0	1.0	0.99999838776	0.999996196753	0.999999283816	0.999996369292	0.999990071154	0.999985415181
428-429	0.999999478392	0.999999777894	0.999999253805	0.999999386258	1.0	1.0	0.99999838776	0.999996196753	0.999999283816	0.999997095434	0.999990071154	0.999985415181
429-430	0.999999478392	0.999999777894	0.999999253805	0.999999386258	1.0	1.0	0.99999838776	0.999996196753	0.999999283816	0.999997095434	0.999990071154	0.999985415181
430-431	0.999999478392	0.999999777894	0.999999253805	0.999999386258	1.0	1.0	0.99999838776	0.999996196753	0.999999283816	0.999997095434	0.999990071154	0.999988656252
431-432	0.999999478392	0.999999777894	0.999999253805	0.999999386258	1.0	1.0	0.99999838776	0.999996196753	0.999999283816	0.999997095434	0.999990780358	0.999990276787
432-433	0.999999478392	0.999999777894	0.999999253805	0.999999386258	1.0	1.0	0.99999838776	0.999996196753	0.999999283816	0.999997095434	0.999991489561	0.999990276787
433-434	0.999999478392	0.999999777894	0.999999253805	0.999999386258	1.0	1.0	0.99999838776	0.999996196753	0.999999283816	0.999997095434	0.999992198764	0.999990276787
434-435	0.999999478392	0.999999777894	0.999999253805	0.999999386258	1.0	1.0	0.99999838776	0.999996196753	0.999999283816	0.999997095434	0.999992907967	0.999990276787
435-436	0.999999478392	1.0	0.999999253805	0.999999386258	1.0	1.0	0.99999838776	0.999996196753	0.999999283816	0.999997095434	0.999992907967	0.999990276787
436-437	0.999999478392	1.0	0.999999626902	0.999999386258	1.0	1.0	0.99999838776	0.999996196753	0.999999283816	0.999997095434	0.999992907967	0.999990276787
437-438	0.999999478392	1.0	0.999999626902	0.999999386258	1.0	1.0	0.99999838776	0.999996196753	0.999999283816	0.999997095434	0.999992907967	0.999990276787
438-439	0.999999478392	1.0	0.999999626902	0.999999386258	1.0	1.0	0.99999838776	0.999996196753	0.999999283816	0.999997095434	0.999993617171	0.999990276787
439-440	0.999999478392	1.0	0.999999626902	0.999999386258	1.0	1.0	0.99999838776	0.999996196753	0.999999283816	0.999997095434	0.999995035577	0.999990276787
440-441	0.999999478392	1.0	0.999999626902	0.999999386258	1.0	1.0	0.99999838776	0.999996196753	0.999999283816	0.999997095434	0.999995035577	0.999990276787
441-442	0.999999478392	1.0	0.999999626902	0.999999386258	1.0	1.0	0.99999838776	0.999996196753	0.999999283816	0.999997095434	0.999995035577	0.999990276787
442-443	0.999999478392	1.0	0.999999626902	0.999999386258	1.0	1.0	0.99999838776	0.999996196753	0.999999283816	0.999997095434	0.999995035577	0.999990276787
443-444	0.999999478392	1.0	0.999999626902	0.999999386258	1.0	1.0	0.99999838776	0.999996196753	0.999999283816	0.999997095434	0.999995035577	0.999990276787
444-445	0.999999478392	1.0	0.999999626902	0.999999386258	1.0	1.0	0.99999838776	0.999996196753	0.999999283816	0.999998547717	0.999995035577	0.999990276787
445-446	0.999999478392	1.0	0.999999626902	0.999999386258	1.0	1.0	0.99999838776	0.999996196753	0.999999283816	0.999998547717	0.999995035577	0.999990276787
446-447	0.999999478392	1.0	0.999999626902	0.999999386258	1.0	1.0	0.99999838776	0.999996196753	0.999999283816	0.999998547717	0.99999574478	0.999990276787
447-448	0.999999478392	1.0	0.999999626902	0.999999386258	1.0	1.0	0.99999838776	0.999996196753	0.999999283816	0.999998547717	0.99999574478	0.999991897323
448-449	0.999999478392	1.0	0.999999626902	0.999999386258	1.0	1.0	0.99999838776	0.999996196753	0.999999283816	0.999998547717	0.99999574478	0.999991897323
449-450	0.999999478392	1.0	0.999999626902	0.999999386258	1.0	1.0	0.99999838776	0.999996196753	0.999999283816	0.999998547717	0.99999574478	0.999993517858
450-451	0.999999478392	1.0	0.999999626902	0.999999386258	1.0	1.0	0.99999838776	0.999996196753	0.999999283816	0.999998547717	0.999996453984	0.999993517858
451-452	0.999999478392	1.0	0.999999626902	0.999999386258	1.0	1.0	0.99999838776	0.999996196753	0.999999283816	0.999998547717	0.999996453984	0.999993517858
452-453	0.999999478392	1.0	0.999999626902	0.999999386258	1.0	1.0	0.99999838776	0.999996957402	0.999999283816	0.999998547717	0.999996453984	0.999993517858
453-454	0.999999478392	1.0	0.999999626902	0.999999386258	1.0	1.0	0.99999838776	0.999996957402	0.999999283816	0.999998547717	0.999996453984	0.999995138394
454-455	0.999999478392	1.0	0.999999626902	0.999999386258	1.0	1.0	0.99999838776	0.999996957402	0.999999283816	0.999998547717	0.999996453984	0.999995138394
455-456	0.999999478392	1.0	0.999999626902	0.999999386258	1.0	1.0	0.99999838776	0.999996957402	0.999999283816	0.999998547717	0.999997163187	0.999995138394
456-457	0.999999478392	1.0	0.999999626902	0.999999386258	1.0	1.0	0.99999838776	0.999996957402	0.999999283816	0.999998547717	0.999997163187	0.999995138394
457-458	0.999999478392	1.0	0.999999626902	0.999999386258	1.0	1.0	0.99999838776	0.999996957402	0.999999283816	0.999998547717	0.999997163187	0.999995138394
458-459	0.999999478392	1.0	0.999999626902	0.999999386258	1.0	1.0	0.99999838776	0.999996957402	0.999999283816	0.999998547717	0.999997163187	0.999995138394
459-460	0.999999478392	1.0	0.999999626902	0.999999386258	1.0	1.0	0.99999838776	0.999996957402	0.999999283816	0.999998547717	0.999997163187	0.999995138394
460-461	0.999999478392	1.0	0.999999626902	0.999999386258	1.0	1.0	0.99999838776	0.999996957402	0.999999283816	0.999998547717	0.99999787239	0.999995138394
461-462	0.999999478392	1.0	0.999999626902	0.999999386258	1.0	1.0	0.99999838776	0.999996957402	0.999999283816	0.999999273858	0.99999787239	0.999996758929
462-463	0.999999478392	1.0	0.999999626902	0.999999386258	1.0	1.0	0.99999838776	0.999996957402	0.999999283816	0.999999273858	0.99999787239	0.999996758929
463-464	0.999999478392	1.0	0.999999626902	0.999999386258	1.0	1.0	0.99999838776	0.999996957402	0.999999283816	0.999999273858	0.99999787239	0.999996758929
464-465	0.999999478392	1.0	0.999999626902	0.999999386258	1.0	1.0	0.99999838776	0.999996957402	0.999999283816	0.999999273858	0.99999787239	0.999996758929
465-466	0.999999478392	1.0	0.999999626902	0.999999386258	1.0	1.0	0.99999838776	0.999996957402	0.999999283816	0.999999273858	0.99999787239	0.999996758929
466-467	1.0	1.0	0.999999626902	0.999999386258	1.0	1.0	0.99999838776	0.999996957402	0.999999283816	0.999999273858	0.99999787239	0.999996758929
467-468	1.0	1.0	0.999999626902	0.999999386258	1.0	1.0	0.99999838776	0.999996957402	0.999999283816	0.999999273858	0.99999787239	0.999996758929
468-469	1.0	1.0	0.999999626902	0.999999386258	1.0	1.0	0.99999838776	0.999996957402	1.0	0.999999273858	0.99999787239	0.999996758929
469-470	1.0	1.0	0.999999626902	0.999999386258	1.0	1.0	0.99999838776	0.999997718052	1.0	0.999999273858	0.99999787239	0.999996758929
470-471	1.0	1.0	0.999999626902	0.999999386258	1.0	1.0	0.99999838776	0.999997718052	1.0	0.999999273858	0.99999787239	0.999996758929
471-472	1.0	1.0	0.999999626902	0.999999386258	1.0	1.0	0.99999838776	0.999997718052	1.0	0.999999273858	0.99999787239	0.999996758929
472-473	1.0	1.0	0.999999626902	0.999999386258	1.0	1.0	0.99999838776	0.999997718052	1.0	0.999999273858	0.99999787239	0.999996758929
473-474	1.0	1.0	0.999999626902	0.999999386258	1.0	1.0	0.99999838776	0.999997718052	1.0	0.999999273858	0.99999787239	0.999996758929
474-475	1.0	1.0	0.999999626902	0.999999386258	1.0	1.0	0.99999838776	0.999997718052	1.0	0.999999273858	0.99999787239	0.999996758929
475-476	1.0	1.0	0.999999626902	1.0	1.0	1.0	0.99999838776	0.999997718052	1.0	0.999999273858	0.99999787239	0.999996758929
476-477	1.0	1.0	0.999999626902	1.0	1.0	1.0	0.99999838776	0.999997718052	1.0	0.999999273858	0.99999787239	0.999998379465
477-478	1.0	1.0	0.999999626902	1.0	1.0	1.0	0.99999838776	0.999997718052	1.0	0.999999273858	0.99999787239	0.999998379465
478-479	1.0	1.0	0.999999626902	1.0	1.0	1.0	0.99999838776	0.999997718052	1.0	0.999999273858	0.99999787239	0.999998379465
479-480	1.0	1.0	0.999999626902	1.0	1.0	1.0	0.99999838776	0.999997718052	1.0	0.999999273858	0.99999787239	0.999998379465
480-481	1.0	1.0	0.999999626902	1.0	1.0	1.0	0.99999838776	0.999997718052	1.0	0.999999273858	0.99999787239	0.999998379465
481-482	1.0	1.0	0.999999626902	1.0	1.0	1.0	0.99999838776	0.999998478701	1.0	1.0	0.99999787239	0.999998379465
482-483	1.0	1.0	0.999999626902	1.0	1.0	1.0	0.99999838776	0.999998478701	1.0	1.0	0.99999787239	0.999998379465
483-484	1.0	1.0	0.999999626902	1.0	1.0	1.0	0.99999838776	0.999998478701	1.0	1.0	0.99999787239	0.999998379465
484-485	1.0	1.0	0.999999626902	1.0	1.0	1.0	0.99999838776	0.999998478701	1.0	1.0	0.99999787239	0.999998379465
485-486	1.0	1.0	0.999999626902	1.0	1.0	1.0	0.99999838776	0.999998478701	1.0	1.0	0.99999787239	0.999998379465
486-487	1.0	1.0	0.999999626902	1.0	1.0	1.0	0.99999838776	0.999998478701	1.0	1.0	0.99999787239	0.999998379465
487-488	1.0	1.0	0.999999626902	1.0	1.0	1.0	0.99999838776	0.999998478701	1.0	1.0	0.999998581593	0.999998379465
488-489	1.0	1.0	0.999999626902	1.0	1.0	1.0	0.99999919388	0.999998478701	1.0	1.0	0.999998581593	0.999998379465
489-490	1.0	1.0	0.999999626902	1.0	1.0	1.0	0.99999919388	0.999998478701	1.0	1.0	0.999998581593	0.999998379465
490-491	1.0	1.0	0.999999626902	1.0	1.0	1.0	0.99999919388	0.999998478701	1.0	1.0	0.999998581593	0.999998379465
491-492	1.0	1.0	0.999999626902	1.0	1.0	1.0	0.99999919388	0.999998478701	1.0	1.0	0.999998581593	0.999998379465
492-493	1.0	1.0	0.999999626902	1.0	1.0	1.0	0.99999919388	0.999999239351	1.0	1.0	0.999998581593	0.999998379465
493-494	1.0	1.0	0.999999626902	1.0	1.0	1.0	0.99999919388	0.999999239351	1.0	1.0	0.999998581593	0.999998379465
494-495	1.0	1.0	1.0	1.0	1.0	1.0	0.99999919388	0.999999239351	1.0	1.0	0.999998581593	0.999998379465
495-496	1.0	1.0	1.0	1.0	1.0	1.0	0.99999919388	0.999999239351	1.0	1.0	0.999999290797	0.999998379465
496-497	1.0	1.0	1.0	1.0	1.0	1.0	0.99999919388	0.999999239351	1.0	1.0	0.999999290797	0.999998379465
497-498	1.0	1.0	1.0	1.0	1.0	1.0	0.99999919388	0.999999239351	1.0	1.0	0.999999290797	0.999998379465
498-499	1.0	1.0	1.0	1.0	1.0	1.0	0.99999919388	0.999999239351	1.0	1.0	0.999999290797	0.999998379465
499-500	1.0	1.0	1.0	1.0	1.0	1.0	0.99999919388	0.999999239351	1.0	1.0	0.999999290797	0.999998379465
500-501	1.0	1.0	1.0	1.0	1.0	1.0	0.99999919388	0.999999239351	1.0	1.0	0.999999290797	0.999998379465
501-502	1.0	1.0	1.0	1.0	1.0	1.0	0.99999919388	0.999999239351	1.0	1.0	0.999999290797	0.999998379465
502-503	1.0	1.0	1.0	1.0	1.0	1.0	0.99999919388	0.999999239351	1.0	1.0	0.999999290797	0.999998379465
503-504	1.0	1.0	1.0	1.0	1.0	1.0	0.99999919388	0.999999239351	1.0	1.0	0.999999290797	0.999998379465
504-505	1.0	1.0	1.0	1.0	1.0	1.0	0.99999919388	0.999999239351	1.0	1.0	0.999999290797	0.999998379465
505-506	1.0	1.0	1.0	1.0	1.0	1.0	0.99999919388	0.999999239351	1.0	1.0	1.0	0.999998379465
506-507	1.0	1.0	1.0	1.0	1.0	1.0	1.0	0.999999239351	1.0	1.0	1.0	0.999998379465
507-508	1.0	1.0	1.0	1.0	1.0	1.0	1.0	0.999999239351	1.0	1.0	1.0	0.999998379465
508-509	1.0	1.0	1.0	1.0	1.0	1.0	1.0	0.999999239351	1.0	1.0	1.0	0.999998379465
509-510	1.0	1.0	1.0	1.0	1.0	1.0	1.0	0.999999239351	1.0	1.0	1.0	0.999998379465
510-511	1.0	1.0	1.0	1.0	1.0	1.0	1.0	0.999999239351	1.0	1.0	1.0	0.999998379465
511-512	1.0	1.0	1.0	1.0	1.0	1.0	1.0	0.999999239351	1.0	1.0	1.0	0.999998379465
512-513	1.0	1.0	1.0	1.0	1.0	1.0	1.0	0.999999239351	1.0	1.0	1.0	0.999998379465
513-514	1.0	1.0	1.0	1.0	1.0	1.0	1.0	0.999999239351	1.0	1.0	1.0	0.999998379465
514-515	1.0	1.0	1.0	1.0	1.0	1.0	1.0	0.999999239351	1.0	1.0	1.0	0.999998379465
515-516	1.0	1.0	1.0	1.0	1.0	1.0	1.0	0.999999239351	1.0	1.0	1.0	0.999998379465
516-517	1.0	1.0	1.0	1.0	1.0	1.0	1.0	0.999999239351	1.0	1.0	1.0	0.999998379465
517-518	1.0	1.0	1.0	1.0	1.0	1.0	1.0	0.999999239351	1.0	1.0	1.0	0.999998379465
518-519	1.0	1.0	1.0	1.0	1.0	1.0	1.0	0.999999239351	1.0	1.0	1.0	0.999998379465
519-520	1.0	1.0	1.0	1.0	1.0	1.0	1.0	0.999999239351	1.0	1.0	1.0	0.999998379465
520-521	1.0	1.0	1.0	1.0	1.0	1.0	1.0	0.999999239351	1.0	1.0	1.0	0.999998379465
521-522	1.0	1.0	1.0	1.0	1.0	1.0	1.0	0.999999239351	1.0	1.0	1.0	0.999998379465
522-523	1.0	1.0	1.0	1.0	1.0	1.0	1.0	0.999999239351	1.0	1.0	1.0	0.999998379465
523-524	1.0	1.0	1.0	1.0	1.0	1.0	1.0	0.999999239351	1.0	1.0	1.0	0.999998379465
524-525	1.0	1.0	1.0	1.0	1.0	1.0	1.0	0.999999239351	1.0	1.0	1.0	0.999998379465
525-526	1.0	1.0	1.0	1.0	1.0	1.0	1.0	0.999999239351	1.0	1.0	1.0	0.999998379465
526-527	1.0	1.0	1.0	1.0	1.0	1.0	1.0	0.999999239351	1.0	1.0	1.0	0.999998379465
527-528	1.0	1.0	1.0	1.0	1.0	1.0	1.0	0.999999239351	1.0	1.0	1.0	0.999998379465
528-529	1.0	1.0	1.0	1.0	1.0	1.0	1.0	0.999999239351	1.0	1.0	1.0	0.999998379465
529-530	1.0	1.0	1.0	1.0	1.0	1.0	1.0	0.999999239351	1.0	1.0	1.0	0.999998379465
530-531	1.0	1.0	1.0	1.0	1.0	1.0	1.0	0.999999239351	1.0	1.0	1.0	0.999998379465
531-532	1.0	1.0	1.0	1.0	1.0	1.0	1.0	0.999999239351	1.0	1.0	1.0	0.999998379465
532-533	1.0	1.0	1.0	1.0	1.0	1.0	1.0	0.999999239351	1.0	1.0	1.0	0.999998379465
533-534	1.0	1.0	1.0	1.0	1.0	1.0	1.0	0.999999239351	1.0	1.0	1.0	0.999998379465
534-535	1.0	1.0	1.0	1.0	1.0	1.0	1.0	0.999999239351	1.0	1.0	1.0	0.999998379465
535-536	1.0	1.0	1.0	1.0	1.0	1.0	1.0	0.999999239351	1.0	1.0	1.0	0.999998379465
536-537	1.0	1.0	1.0	1.0	1.0	1.0	1.0	0.999999239351	1.0	1.0	1.0	0.999998379465
537-538	1.0	1.0	1.0	1.0	1.0	1.0	1.0	0.999999239351	1.0	1.0	1.0	0.999998379465
538-539	1.0	1.0	1.0	1.0	1.0	1.0	1.0	0.999999239351	1.0	1.0	1.0	0.999998379465
539-540	1.0	1.0	1.0	1.0	1.0	1.0	1.0	0.999999239351	1.0	1.0	1.0	0.999998379465
540-541	1.0	1.0	1.0	1.0	1.0	1.0	1.0	0.999999239351	1.0	1.0	1.0	0.999998379465
541-542	1.0	1.0	1.0	1.0	1.0	1.0	1.0	0.999999239351	1.0	1.0	1.0	0.999998379465
542-543	1.0	1.0	1.0	1.0	1.0	1.0	1.0	0.999999239351	1.0	1.0	1.0	0.999998379465
543-544	1.0	1.0	1.0	1.0	1.0	1.0	1.0	0.999999239351	1.0	1.0	1.0	0.999998379465
544-545	1.0	1.0	1.0	1.0	1.0	1.0	1.0	1.0	1.0	1.0	1.0	0.999998379465
545-546	1.0	1.0	1.0	1.0	1.0	1.0	1.0	1.0	1.0	1.0	1.0	0.999998379465
546-547	1.0	1.0	1.0	1.0	1.0	1.0	1.0	1.0	1.0	1.0	1.0	0.999998379465
547-548	1.0	1.0	1.0	1.0	1.0	1.0	1.0	1.0	1.0	1.0	1.0	0.999998379465
548-549	1.0	1.0	1.0	1.0	1.0	1.0	1.0	1.0	1.0	1.0	1.0	0.999998379465
549-550	1.0	1.0	1.0	1.0	1.0	1.0	1.0	1.0	1.0	1.0	1.0	0.999998379465
550-551	1.0	1.0	1.0	1.0	1.0	1.0	1.0	1.0	1.0	1.0	1.0	0.999998379465
551-552	1.0	1.0	1.0	1.0	1.0	1.0	1.0	1.0	1.0	1.0	1.0	0.999998379465
552-553	1.0	1.0	1.0	1.0	1.0	1.0	1.0	1.0	1.0	1.0	1.0	0.999998379465
553-554	1.0	1.0	1.0	1.0	1.0	1.0	1.0	1.0	1.0	1.0	1.0	0.999998379465
554-555	1.0	1.0	1.0	1.0	1.0	1.0	1.0	1.0	1.0	1.0	1.0	0.999998379465
555-556	1.0	1.0	1.0	1.0	1.0	1.0	1.0	1.0	1.0	1.0	1.0	0.999998379465
556-557	1.0	1.0	1.0	1.0	1.0	1.0	1.0	1.0	1.0	1.0	1.0	0.999998379465
557-558	1.0	1.0	1.0	1.0	1.0	1.0	1.0	1.0	1.0	1.0	1.0	0.999998379465
558-559	1.0	1.0	1.0	1.0	1.0	1.0	1.0	1.0	1.0	1.0	1.0	0.999998379465
559-560	1.0	1.0	1.0	1.0	1.0	1.0	1.0	1.0	1.0	1.0	1.0	0.999998379465
560-561	1.0	1.0	1.0	1.0	1.0	1.0	1.0	1.0	1.0	1.0	1.0	0.999998379465
561-562	1.0	1.0	1.0	1.0	1.0	1.0	1.0	1.0	1.0	1.0	1.0	0.999998379465
562-563	1.0	1.0	1.0	1.0	1.0	1.0	1.0	1.0	1.0	1.0	1.0	0.999998379465
563-564	1.0	1.0	1.0	1.0	1.0	1.0	1.0	1.0	1.0	1.0	1.0	0.999998379465
564-565	1.0	1.0	1.0	1.0	1.0	1.0	1.0	1.0	1.0	1.0	1.0	0.999998379465
565-566	1.0	1.0	1.0	1.0	1.0	1.0	1.0	1.0	1.0	1.0	1.0	0.999998379465
566-567	1.0	1.0	1.0	1.0	1.0	1.0	1.0	1.0	1.0	1.0	1.0	0.999998379465
567-568	1.0	1.0	1.0	1.0	1.0	1.0	1.0	1.0	1.0	1.0	1.0	0.999998379465
568-569	1.0	1.0	1.0	1.0	1.0	1.0	1.0	1.0	1.0	1.0	1.0	0.999998379465
569-570	1.0	1.0	1.0	1.0	1.0	1.0	1.0	1.0	1.0	1.0	1.0	0.999998379465
570-571	1.0	1.0	1.0	1.0	1.0	1.0	1.0	1.0	1.0	1.0	1.0	0.999998379465
571-572	1.0	1.0	1.0	1.0	1.0	1.0	1.0	1.0	1.0	1.0	1.0	0.999998379465
572-573	1.0	1.0	1.0	1.0	1.0	1.0	1.0	1.0	1.0	1.0	1.0	0.999998379465
573-574	1.0	1.0	1.0	1.0	1.0	1.0	1.0	1.0	1.0	1.0	1.0	0.999998379465
574-575	1.0	1.0	1.0	1.0	1.0	1.0	1.0	1.0	1.0	1.0	1.0	0.999998379465
575-576	1.0	1.0	1.0	1.0	1.0	1.0	1.0	1.0	1.0	1.0	1.0	0.999998379465
576-577	1.0	1.0	1.0	1.0	1.0	1.0	1.0	1.0	1.0	1.0	1.0	0.999998379465
577-578	1.0	1.0	1.0	1.0	1.0	1.0	1.0	1.0	1.0	1.0	1.0	0.999998379465
578-579	1.0	1.0	1.0	1.0	1.0	1.0	1.0	1.0	1.0	1.0	1.0	0.999998379465
579-580	1.0	1.0	1.0	1.0	1.0	1.0	1.0	1.0	1.0	1.0	1.0	0.999998379465
580-581	1.0	1.0	1.0	1.0	1.0	1.0	1.0	1.0	1.0	1.0	1.0	0.999998379465
581-582	1.0	1.0	1.0	1.0	1.0	1.0	1.0	1.0	1.0	1.0	1.0	0.999998379465
582-583	1.0	1.0	1.0	1.0	1.0	1.0	1.0	1.0	1.0	1.0	1.0	0.999998379465
583-584	1.0	1.0	1.0	1.0	1.0	1.0	1.0	1.0	1.0	1.0	1.0	0.999998379465
584-585	1.0	1.0	1.0	1.0	1.0	1.0	1.0	1.0	1.0	1.0	1.0	0.999998379465
585-586	1.0	1.0	1.0	1.0	1.0	1.0	1.0	1.0	1.0	1.0	1.0	0.999998379465
586-587	1.0	1.0	1.0	1.0	1.0	1.0	1.0	1.0	1.0	1.0	1.0	1.0
